1559117681.157308, 0
1559117681.219491, 0
1559117681.243081, 7
1559117681.260663, 0
1559117681.275906, 5
1559117681.292866, 11
1559117681.315999, 17
1559117681.334198, 18
1559117681.352698, 23
1559117681.369651, 27
1559117681.386696, 31
1559117681.402809, 38
1559117681.419303, 43
1559117681.437983, 48
1559117681.453302, 54
1559117681.468445, 57
1559117681.486947, 61
1559117681.504341, 73
1559117681.544732, 79
1559117681.572571, 85
1559117681.598701, 95
1559117681.625383, 100
1559117681.648406, 105
1559117681.665921, 111
1559117681.684091, 116
1559117681.707050, 125
1559117681.731815, 130
1559117681.754930, 137
1559117681.780214, 146
1559117681.807349, 152
1559117681.829899, 158
1559117681.853152, 165
1559117681.877471, 172
1559117681.901440, 178
1559117681.925933, 185
1559117681.950841, 193
1559117681.975035, 199
1559117682.003188, 209
1559117682.047554, 217
1559117682.084324, 228
1559117682.115011, 237
1559117682.138927, 245
1559117682.176373, 251
1559117682.199988, 256
1559117682.224729, 265
1559117682.250384, 270
1559117682.273809, 279
1559117682.301245, 286
1559117682.332049, 295
1559117682.359763, 301
1559117682.386113, 310
1559117682.413869, 320
1559117682.450453, 330
1559117682.480375, 341
1559117682.513019, 353
1559117682.554618, 356
1559117682.572120, 361
1559117682.588899, 367
1559117682.612924, 374
1559117682.643379, 382
1559117682.666792, 389
1559117682.691770, 396
1559117682.720757, 405
1559117682.748131, 413
1559117682.774465, 418
1559117682.802006, 427
1559117682.827030, 437
1559117682.861042, 447
1559117682.895088, 455
1559117682.919815, 461
1559117682.945090, 470
1559117682.969494, 475
1559117682.995964, 485
1559117683.031757, 490
1559117683.056676, 499
1559117683.080352, 505
1559117683.107374, 516
1559117683.150948, 526
1559117683.190616, 536
1559117683.216882, 544
1559117683.241478, 549
1559117683.264065, 558
1559117683.290331, 564
1559117683.317394, 571
1559117683.342016, 580
1559117683.366388, 584
1559117683.388610, 592
1559117683.414922, 599
1559117683.439239, 604
1559117683.463267, 612
1559117683.489367, 618
1559117683.512098, 627
1559117683.538487, 633
1559117683.571266, 642
1559117683.603798, 650
1559117683.627039, 651
1559117683.643657, 658
1559117683.660319, 665
1559117683.677902, 667
1559117683.694457, 671
1559117683.710648, 679
1559117683.733611, 686
1559117683.759129, 693
1559117683.780874, 697
1559117683.807020, 703
1559117683.829458, 712
1559117683.854317, 717
1559117683.877639, 724
1559117683.902625, 733
1559117683.926412, 738
1559117683.950625, 745
1559117683.975670, 752
1559117684.002559, 760
1559117684.028987, 768
1559117684.053361, 773
1559117684.078455, 781
1559117684.102487, 789
1559117684.126284, 795
1559117684.149594, 801
1559117684.176610, 812
1559117684.218235, 820
1559117684.244080, 827
1559117684.270227, 839
1559117684.305592, 842
1559117684.324331, 847
1559117684.340305, 854
1559117684.366208, 860
1559117684.388932, 869
1559117684.413161, 875
1559117684.437937, 880
1559117684.460953, 889
1559117684.488496, 897
1559117684.514464, 904
1559117684.538493, 910
1559117684.561341, 917
1559117684.585726, 922
1559117684.610910, 929
1559117684.638173, 937
1559117684.659559, 943
1559117684.686810, 951
1559117684.714086, 961
1559117684.744173, 968
1559117684.769906, 971
1559117684.785956, 978
1559117684.801955, 980
1559117684.819241, 987
1559117684.837761, 991
1559117684.853526, 995
1559117684.868743, 1000
1559117684.886933, 999
1559117684.910991, 999
1559117684.937307, 999
1559117684.961150, 1000
1559117684.985551, 1000
1559117685.014508, 999
1559117685.039334, 1000
1559117685.063021, 1000
1559117685.090089, 1000
1559117685.113067, 1000
1559117685.136286, 1000
1559117685.161800, 1000
1559117685.184500, 999
1559117685.207413, 999
1559117685.231433, 1000
1559117685.256349, 1000
1559117685.284880, 1000
1559117685.311231, 999
1559117685.340059, 999
1559117685.368753, 999
1559117685.401141, 998
1559117685.430800, 1000
1559117685.456370, 999
1559117685.483995, 998
1559117685.508992, 999
1559117685.526610, 1000
1559117685.541338, 1000
1559117685.558225, 1000
1559117685.574478, 1000
1559117685.589448, 1000
1559117685.604378, 1000
1559117685.638096, 999
1559117685.665466, 999
1559117685.689874, 1000
1559117685.721228, 1000
1559117685.737616, 1000
1559117685.754956, 1000
1559117685.778370, 999
1559117685.804197, 999
1559117685.833272, 999
1559117685.858891, 999
1559117685.884264, 1000
1559117685.907872, 999
1559117685.933556, 999
1559117685.960085, 1000
1559117685.986192, 1000
1559117686.004090, 1000
1559117686.020373, 999
1559117686.037043, 998
1559117686.053729, 1000
1559117686.068974, 1000
1559117686.086897, 999
1559117686.108112, 999
1559117686.134936, 999
1559117686.162396, 1000
1559117686.189555, 999
1559117686.216536, 999
1559117686.242443, 1000
1559117686.272270, 999
1559117686.297630, 1000
1559117686.323914, 1000
1559117686.353942, 1000
1559117686.382718, 999
1559117686.405861, 1000
1559117686.434298, 999
1559117686.459717, 999
1559117686.488569, 999
1559117686.510824, 1000
1559117686.535492, 999
1559117686.558763, 1000
1559117686.581757, 1000
1559117686.605329, 1000
1559117686.626223, 999
1559117686.649479, 1000
1559117686.673765, 999
1559117686.700733, 1000
1559117686.724965, 1000
1559117686.748636, 999
1559117686.772282, 999
1559117686.796261, 1000
1559117686.820529, 999
1559117686.843302, 1000
1559117686.869272, 999
1559117686.891778, 999
1559117686.917169, 1000
1559117686.942259, 1000
1559117686.966676, 1000
1559117686.994982, 999
1559117687.047928, 999
1559117687.077504, 999
1559117687.102125, 999
1559117687.119736, 1000
1559117687.137326, 999
1559117687.153902, 999
1559117687.170498, 1000
1559117687.187135, 1000
1559117687.203098, 999
1559117687.226012, 1000
1559117687.251156, 998
1559117687.276413, 1000
1559117687.300516, 999
1559117687.324194, 1000
1559117687.348489, 999
1559117687.372272, 999
1559117687.395692, 999
1559117687.419010, 1000
1559117687.442221, 1000
1559117687.468366, 1000
1559117687.494434, 1000
1559117687.520669, 1000
1559117687.547685, 999
1559117687.575726, 1000
1559117687.598095, 1000
1559117687.620870, 1000
1559117687.643996, 999
1559117687.666673, 1000
1559117687.695949, 1000
1559117687.719533, 1000
1559117687.745587, 999
1559117687.769853, 999
1559117687.801123, 999
1559117687.836518, 999
1559117687.862812, 999
1559117687.884462, 999
1559117687.905149, 1000
1559117687.925363, 1000
1559117687.944399, 999
1559117687.968266, 1000
1559117687.985010, 1000
1559117688.001730, 999
1559117688.020053, 999
1559117688.038160, 999
1559117688.055688, 1000
1559117688.071365, 1000
1559117688.088753, 999
1559117688.104378, 999
1559117688.120478, 1000
1559117688.136957, 999
1559117688.153550, 1000
1559117688.172409, 1000
1559117688.189682, 1000
1559117688.207623, 1000
1559117688.226744, 999
1559117688.242928, 1000
1559117688.259449, 1000
1559117688.275772, 1000
1559117688.291621, 1000
1559117688.309764, 1000
1559117688.342276, 999
1559117688.372971, 1000
1559117688.402303, 999
1559117688.434124, 999
1559117688.480698, 999
1559117688.507268, 1000
1559117688.530277, 1000
1559117688.549005, 1000
1559117688.565341, 1000
1559117688.581269, 999
1559117688.597625, 999
1559117688.615103, 998
1559117688.635320, 999
1559117688.658642, 999
1559117688.682270, 999
1559117688.705733, 998
1559117688.726229, 1000
1559117688.747668, 999
1559117688.770057, 998
1559117688.793379, 998
1559117688.817917, 998
1559117688.839350, 999
1559117688.861800, 999
1559117688.888884, 999
1559117688.912967, 999
1559117688.937171, 998
1559117688.953514, 999
1559117688.970555, 998
1559117688.988768, 1000
1559117689.013942, 999
1559117689.032290, 999
1559117689.051719, 999
1559117689.071204, 999
1559117689.105196, 999
1559117689.141188, 999
1559117689.196336, 999
1559117689.220503, 999
1559117689.236929, 1000
1559117689.252869, 1000
1559117689.269643, 999
1559117689.285477, 1000
1559117689.303911, 998
1559117689.322112, 998
1559117689.339692, 999
1559117689.356875, 998
1559117689.373485, 999
1559117689.389107, 999
1559117689.404937, 999
1559117689.422705, 998
1559117689.439221, 998
1559117689.456191, 999
1559117689.472107, 998
1559117689.492807, 1000
1559117689.518452, 1000
1559117689.542666, 997
1559117689.566891, 991
1559117689.590369, 985
1559117689.613668, 979
1559117689.636144, 973
1559117689.659452, 967
1559117689.681889, 962
1559117689.713467, 956
1559117689.743548, 951
1559117689.762994, 946
1559117689.781408, 941
1559117689.801316, 937
1559117689.818561, 932
1559117689.836335, 926
1559117689.855012, 921
1559117689.872737, 917
1559117689.894353, 909
1559117689.937251, 904
1559117689.955525, 898
1559117689.973318, 893
1559117689.991540, 888
1559117690.009601, 884
1559117690.028031, 878
1559117690.047792, 873
1559117690.065669, 868
1559117690.084267, 864
1559117690.102813, 858
1559117690.120079, 854
1559117690.137651, 850
1559117690.155072, 845
1559117690.172627, 840
1559117690.190165, 835
1559117690.206763, 830
1559117690.235626, 826
1559117690.253150, 821
1559117690.269904, 817
1559117690.287330, 812
1559117690.304876, 807
1559117690.322432, 803
1559117690.340525, 798
1559117690.359112, 793
1559117690.376687, 787
1559117690.394291, 783
1559117690.412025, 778
1559117690.429032, 774
1559117690.447706, 769
1559117690.465575, 764
1559117690.493499, 757
1559117690.516185, 752
1559117690.533127, 748
1559117690.551436, 743
1559117690.575019, 737
1559117690.593936, 732
1559117690.614254, 726
1559117690.631620, 721
1559117690.648604, 718
1559117690.665477, 713
1559117690.682265, 708
1559117690.700904, 703
1559117690.732727, 698
1559117690.749862, 694
1559117690.766537, 689
1559117690.783632, 685
1559117690.800123, 676
1559117690.827573, 672
1559117690.843963, 668
1559117690.862596, 662
1559117690.880501, 657
1559117690.898849, 651
1559117690.915824, 646
1559117690.932627, 642
1559117690.950160, 638
1559117690.967735, 633
1559117690.986446, 628
1559117691.003662, 622
1559117691.020966, 617
1559117691.044098, 612
1559117691.060634, 608
1559117691.077399, 603
1559117691.096046, 599
1559117691.112920, 594
1559117691.130130, 590
1559117691.146335, 585
1559117691.163980, 582
1559117691.181463, 577
1559117691.197073, 573
1559117691.212814, 567
1559117691.230299, 562
1559117691.247498, 558
1559117691.263331, 554
1559117691.280471, 549
1559117691.299137, 544
1559117691.340226, 535
1559117691.355122, 531
1559117691.370696, 528
1559117691.386425, 523
1559117691.401192, 519
1559117691.416669, 514
1559117691.432220, 510
1559117691.446997, 506
1559117691.463559, 501
1559117691.479084, 498
1559117691.493734, 494
1559117691.509314, 489
1559117691.525322, 482
1559117691.547946, 478
1559117691.564482, 473
1559117691.580198, 471
1559117691.596701, 467
1559117691.613420, 462
1559117691.629885, 458
1559117691.645552, 453
1559117691.663095, 448
1559117691.680798, 444
1559117691.698358, 440
1559117691.715959, 435
1559117691.732563, 430
1559117691.748171, 426
1559117691.765564, 421
1559117691.781162, 418
1559117691.803897, 413
1559117691.821282, 408
1559117691.838790, 401
1559117691.858322, 396
1559117691.875986, 392
1559117691.894389, 388
1559117691.912003, 383
1559117691.929525, 379
1559117691.947232, 374
1559117691.965137, 368
1559117691.983878, 364
1559117692.005079, 359
1559117692.026306, 353
1559117692.045855, 349
1559117692.068107, 343
1559117692.086665, 338
1559117692.105167, 334
1559117692.121094, 330
1559117692.137416, 324
1559117692.154599, 318
1559117692.171106, 308
1559117692.189000, 396
1559117692.211786, 532
1559117692.235303, 649
1559117692.259258, 841
1559117692.283623, 995
1559117692.303520, 999
1559117692.322711, 1000
1559117692.340966, 999
1559117692.360256, 999
1559117692.381343, 998
1559117692.400015, 998
1559117692.423300, 998
1559117692.443859, 999
1559117692.464575, 998
1559117692.503515, 998
1559117692.521910, 999
1559117692.541827, 998
1559117692.565591, 1000
1559117692.585338, 998
1559117692.605535, 998
1559117692.624391, 1000
1559117692.642290, 996
1559117692.658850, 999
1559117692.679329, 998
1559117692.699652, 997
1559117692.716645, 998
1559117692.735084, 999
1559117692.753932, 998
1559117692.772476, 971
1559117692.792595, 970
1559117692.813232, 971
1559117692.834470, 972
1559117692.855716, 971
1559117692.876031, 972
1559117692.896101, 971
1559117692.920326, 971
1559117692.975221, 972
1559117693.011747, 973
1559117693.056052, 974
1559117693.083235, 972
1559117693.104173, 973
1559117693.121055, 972
1559117693.139302, 971
1559117693.159244, 972
1559117693.177900, 972
1559117693.194542, 972
1559117693.237723, 971
1559117693.286818, 970
1559117693.308822, 973
1559117693.330799, 973
1559117693.352162, 975
1559117693.369268, 975
1559117693.386658, 975
1559117693.403791, 977
1559117693.426621, 974
1559117693.459623, 976
1559117693.481770, 977
1559117693.500427, 978
1559117693.516921, 978
1559117693.536383, 977
1559117693.554255, 980
1559117693.573106, 980
1559117693.592040, 979
1559117693.611668, 979
1559117693.631132, 982
1559117693.650086, 975
1559117693.751369, 978
1559117693.799942, 979
1559117693.817829, 980
1559117693.834483, 979
1559117693.852964, 978
1559117693.870075, 978
1559117693.944917, 979
1559117693.990345, 980
1559117694.013090, 982
1559117694.044137, 980
1559117694.059686, 980
1559117694.115954, 981
1559117694.173739, 979
1559117694.201029, 979
1559117694.218791, 982
1559117694.236398, 983
1559117694.253629, 984
1559117694.271568, 989
1559117694.292004, 991
1559117694.307493, 994
1559117694.324861, 999
1559117694.379510, 999
1559117694.452892, 999
1559117694.473969, 998
1559117694.492015, 998
1559117694.510428, 997
1559117694.529639, 999
1559117694.547238, 999
1559117694.566684, 1000
1559117694.584066, 997
1559117694.601816, 998
1559117694.621655, 999
1559117694.673753, 999
1559117694.726547, 998
1559117694.775554, 998
1559117694.837144, 997
1559117694.881998, 998
1559117694.945170, 1000
1559117694.970480, 998
1559117695.040873, 999
1559117695.070758, 998
1559117695.090092, 999
1559117695.108742, 998
1559117695.126978, 999
1559117695.144429, 998
1559117695.185275, 997
1559117695.250420, 996
1559117695.289972, 997
1559117695.327074, 997
1559117695.344558, 1000
1559117695.364088, 999
1559117695.381155, 997
1559117695.400000, 997
1559117695.416281, 997
1559117695.432202, 998
1559117695.458438, 1000
1559117695.486079, 997
1559117695.509970, 1000
1559117695.534450, 1000
1559117695.567241, 1000
1559117695.601966, 999
1559117695.634226, 1000
1559117695.665549, 997
1559117695.696940, 998
1559117695.720412, 1000
1559117695.745459, 1000
1559117695.774329, 998
1559117695.799237, 999
1559117695.824531, 1000
1559117695.849820, 998
1559117695.878581, 998
1559117695.903877, 1000
1559117695.933594, 999
1559117695.957872, 998
1559117695.995218, 993
1559117696.032822, 994
1559117696.062230, 994
1559117696.097124, 995
1559117696.128427, 992
1559117696.152490, 996
1559117696.178769, 997
1559117696.210326, 996
1559117696.238754, 994
1559117696.273261, 998
1559117696.300768, 997
1559117696.332162, 999
1559117696.362446, 998
1559117696.390201, 998
1559117696.415048, 997
1559117696.443492, 999
1559117696.476184, 998
1559117696.503048, 999
1559117696.535901, 999
1559117696.556615, 998
1559117696.573290, 998
1559117696.589030, 991
1559117696.605517, 995
1559117696.620995, 994
1559117696.636943, 998
1559117696.656024, 998
1559117696.684216, 996
1559117696.708657, 994
1559117696.738547, 993
1559117696.764756, 996
1559117696.791901, 995
1559117696.819278, 999
1559117696.844258, 997
1559117696.873321, 1000
1559117696.898499, 998
1559117696.926683, 998
1559117696.951264, 997
1559117696.976360, 998
1559117697.008191, 998
1559117697.035481, 997
1559117697.063668, 997
1559117697.092814, 998
1559117697.121397, 995
1559117697.152475, 995
1559117697.184797, 994
1559117697.210171, 994
1559117697.227626, 995
1559117697.243564, 999
1559117697.260060, 998
1559117697.275887, 996
1559117697.305115, 993
1559117697.336179, 999
1559117697.364252, 999
1559117697.389188, 996
1559117697.419668, 994
1559117697.452622, 993
1559117697.480370, 994
1559117697.503262, 996
1559117697.529923, 996
1559117697.558870, 996
1559117697.588247, 993
1559117697.616749, 992
1559117697.652304, 994
1559117697.682448, 994
1559117697.710402, 994
1559117697.739890, 993
1559117697.764909, 992
1559117697.785037, 991
1559117697.810888, 993
1559117697.837083, 995
1559117697.865854, 995
1559117697.889238, 995
1559117697.915352, 996
1559117697.942604, 996
1559117697.969546, 994
1559117698.001545, 993
1559117698.043951, 995
1559117698.071258, 998
1559117698.097008, 994
1559117698.125938, 993
1559117698.152124, 997
1559117698.184784, 997
1559117698.210081, 991
1559117698.241736, 994
1559117698.268243, 994
1559117698.297266, 997
1559117698.324106, 996
1559117698.348434, 999
1559117698.377221, 997
1559117698.405830, 998
1559117698.432441, 998
1559117698.466898, 998
1559117698.490976, 998
1559117698.517195, 995
1559117698.542918, 995
1559117698.570459, 997
1559117698.593222, 997
1559117698.622781, 992
1559117698.649820, 993
1559117698.676929, 994
1559117698.703821, 993
1559117698.735020, 996
1559117698.759005, 996
1559117698.782179, 994
1559117698.807776, 995
1559117698.840069, 999
1559117698.868550, 998
1559117698.895925, 995
1559117698.924618, 994
1559117698.944927, 996
1559117698.961434, 999
1559117698.977299, 998
1559117698.994080, 996
1559117699.025393, 995
1559117699.055916, 995
1559117699.082860, 995
1559117699.108518, 997
1559117699.134628, 996
1559117699.164162, 995
1559117699.190514, 993
1559117699.215035, 991
1559117699.240768, 994
1559117699.265085, 992
1559117699.288975, 996
1559117699.313115, 995
1559117699.336714, 996
1559117699.361785, 995
1559117699.387407, 994
1559117699.411741, 995
1559117699.436726, 994
1559117699.463342, 994
1559117699.493437, 993
1559117699.519535, 992
1559117699.548187, 993
1559117699.573409, 989
1559117699.602590, 989
1559117699.627405, 990
1559117699.652950, 990
1559117699.680327, 991
1559117699.705284, 988
1559117699.734952, 987
1559117699.761776, 985
1559117699.789750, 989
1559117699.807528, 988
1559117699.822720, 989
1559117699.839351, 989
1559117699.855645, 987
1559117699.870397, 990
1559117699.885946, 988
1559117699.902482, 989
1559117699.933967, 988
1559117699.958432, 989
1559117699.982962, 988
1559117700.017447, 986
1559117700.063636, 987
1559117700.085984, 988
1559117700.118572, 983
1559117700.139690, 983
1559117700.155642, 982
1559117700.173018, 983
1559117700.199966, 983
1559117700.228580, 981
1559117700.255634, 981
1559117700.283954, 980
1559117700.312100, 980
1559117700.337797, 981
1559117700.366654, 982
1559117700.394110, 980
1559117700.421134, 980
1559117700.452002, 980
1559117700.481870, 982
1559117700.509741, 979
1559117700.526367, 981
1559117700.542806, 978
1559117700.559461, 978
1559117700.575060, 979
1559117700.600871, 979
1559117700.626112, 982
1559117700.650896, 979
1559117700.675609, 980
1559117700.706340, 980
1559117700.734176, 981
1559117700.762234, 979
1559117700.788707, 981
1559117700.818432, 983
1559117700.847709, 983
1559117700.872790, 983
1559117700.899577, 982
1559117700.927771, 984
1559117700.954219, 982
1559117700.981873, 981
1559117701.013023, 981
1559117701.040506, 981
1559117701.063629, 982
1559117701.090565, 981
1559117701.116184, 981
1559117701.145958, 981
1559117701.171654, 983
1559117701.198421, 979
1559117701.227179, 980
1559117701.257086, 978
1559117701.282833, 982
1559117701.310563, 981
1559117701.338779, 982
1559117701.357303, 982
1559117701.372568, 982
1559117701.396646, 984
1559117701.422122, 982
1559117701.445226, 982
1559117701.470153, 983
1559117701.496892, 980
1559117701.541449, 981
1559117701.572477, 980
1559117701.599645, 980
1559117701.627497, 978
1559117701.649994, 975
1559117701.666775, 977
1559117701.685433, 980
1559117701.701217, 983
1559117701.726720, 980
1559117701.752245, 980
1559117701.776846, 983
1559117701.805754, 985
1559117701.829086, 982
1559117701.853321, 982
1559117701.879627, 980
1559117701.907232, 979
1559117701.937072, 982
1559117701.963356, 980
1559117701.988261, 979
1559117702.019920, 980
1559117702.056275, 979
1559117702.081389, 982
1559117702.108167, 982
1559117702.134216, 979
1559117702.159511, 980
1559117702.183884, 983
1559117702.208119, 980
1559117702.233628, 980
1559117702.260632, 984
1559117702.284476, 985
1559117702.308691, 982
1559117702.334282, 983
1559117702.365281, 983
1559117702.391707, 986
1559117702.416855, 982
1559117702.444403, 981
1559117702.470620, 981
1559117702.498945, 983
1559117702.526939, 978
1559117702.557398, 976
1559117702.582335, 981
1559117702.607710, 979
1559117702.635011, 979
1559117702.662397, 976
1559117702.688100, 979
1559117702.712082, 976
1559117702.736695, 980
1559117702.761119, 978
1559117702.784381, 981
1559117702.807703, 980
1559117702.832083, 980
1559117702.856564, 979
1559117702.882307, 980
1559117702.906622, 980
1559117702.935670, 977
1559117702.961475, 979
1559117702.988361, 982
1559117703.020425, 976
1559117703.047412, 977
1559117703.073643, 967
1559117703.100492, 956
1559117703.127443, 949
1559117703.151887, 942
1559117703.178892, 933
1559117703.203827, 921
1559117703.233694, 914
1559117703.262208, 910
1559117703.287798, 901
1559117703.314783, 890
1559117703.342338, 884
1559117703.367232, 875
1559117703.394322, 868
1559117703.422130, 859
1559117703.451846, 849
1559117703.472463, 841
1559117703.493166, 836
1559117703.513953, 828
1559117703.535333, 822
1559117703.555834, 819
1559117703.575978, 812
1559117703.599918, 806
1559117703.617807, 800
1559117703.638085, 793
1559117703.655847, 785
1559117703.674323, 779
1559117703.693162, 776
1559117703.710419, 772
1559117703.727270, 769
1559117703.743894, 766
1559117703.760214, 762
1559117703.777053, 759
1559117703.793524, 755
1559117703.809114, 753
1559117703.824957, 750
1559117703.842420, 747
1559117703.858782, 742
1559117703.875781, 737
1559117703.892349, 731
1559117703.909927, 730
1559117703.927672, 724
1559117703.945098, 720
1559117703.961738, 714
1559117703.980744, 707
1559117703.998445, 702
1559117704.014738, 699
1559117704.031619, 697
1559117704.049051, 693
1559117704.066190, 689
1559117704.083049, 682
1559117704.100210, 675
1559117704.117927, 671
1559117704.133909, 671
1559117704.150689, 672
1559117704.168909, 671
1559117704.185128, 674
1559117704.203141, 672
1559117704.219537, 675
1559117704.236254, 674
1559117704.252944, 672
1559117704.270967, 674
1559117704.287615, 674
1559117704.305161, 674
1559117704.321393, 672
1559117704.338343, 675
1559117704.354887, 674
1559117704.371529, 674
1559117704.388052, 675
1559117704.405702, 677
1559117704.423219, 675
1559117704.439551, 677
1559117704.456110, 677
1559117704.472794, 670
1559117704.490401, 672
1559117704.507298, 672
1559117704.524545, 671
1559117704.544341, 672
1559117704.562784, 671
1559117704.580420, 670
1559117704.597828, 669
1559117704.615598, 671
1559117704.633959, 671
1559117704.651355, 668
1559117704.667000, 669
1559117704.682818, 669
1559117704.699537, 668
1559117704.714945, 670
1559117704.731676, 670
1559117704.748336, 669
1559117704.765675, 669
1559117704.782831, 666
1559117704.799876, 668
1559117704.816514, 669
1559117704.832831, 667
1559117704.849583, 668
1559117704.867335, 668
1559117704.888346, 667
1559117704.912797, 667
1559117704.944847, 664
1559117704.971308, 665
1559117705.004333, 665
1559117705.030453, 665
1559117705.057243, 668
1559117705.086722, 665
1559117705.112389, 670
1559117705.136140, 669
1559117705.159099, 665
1559117705.188420, 659
1559117705.212978, 655
1559117705.238330, 651
1559117705.264131, 645
1559117705.291615, 639
1559117705.315990, 632
1559117705.339436, 628
1559117705.364099, 620
1559117705.386988, 608
1559117705.412487, 599
1559117705.441180, 588
1559117705.467113, 576
1559117705.494358, 565
1559117705.521222, 556
1559117705.548661, 543
1559117705.573271, 531
1559117705.602002, 518
1559117705.635026, 505
1559117705.666342, 492
1559117705.698457, 473
1559117705.742634, 464
1559117705.762635, 455
1559117705.787948, 446
1559117705.810329, 434
1559117705.841828, 424
1559117705.868961, 412
1559117705.897747, 399
1559117705.927887, 390
1559117705.955366, 379
1559117705.982949, 375
1559117706.003538, 368
1559117706.032253, 364
1559117706.048351, 362
1559117706.072784, 360
1559117706.097430, 360
1559117706.123423, 359
1559117706.148959, 361
1559117706.178935, 360
1559117706.204139, 358
1559117706.227666, 359
1559117706.250705, 355
1559117706.277337, 343
1559117706.301771, 333
1559117706.325647, 322
1559117706.351990, 311
1559117706.379276, 299
1559117706.404434, 287
1559117706.432007, 276
1559117706.463117, 265
1559117706.488625, 251
1559117706.524340, 242
1559117706.549885, 231
1559117706.577190, 217
1559117706.610931, 205
1559117706.637685, 197
1559117706.661316, 185
1559117706.687819, 174
1559117706.719248, 174
1559117706.744425, 174
1559117706.772328, 172
1559117706.799980, 173
1559117706.827011, 171
1559117706.852255, 171
1559117706.875820, 167
1559117706.900752, 169
1559117706.929567, 161
1559117706.953714, 149
1559117706.981548, 137
1559117707.016265, 122
1559117707.048984, 110
1559117707.077856, 98
1559117707.104014, 88
1559117707.134275, 79
1559117707.165800, 78
1559117707.182214, 77
1559117707.198849, 78
1559117707.226565, 76
1559117707.250721, 69
1559117707.276388, 59
1559117707.301628, 49
1559117707.326056, 38
1559117707.353364, 26
1559117707.383320, 16
1559117707.405947, 18
1559117707.429648, 17
1559117707.452938, 18
1559117707.477690, 18
1559117707.499871, 16
1559117707.522740, 19
1559117707.546428, 18
1559117707.569731, 19
1559117707.599592, 17
1559117707.622456, 19
1559117707.646202, 20
1559117707.674498, 21
1559117707.702980, 19
1559117707.726298, 19
1559117707.751104, 20
1559117707.776141, 20
1559117707.802574, 20
1559117707.830240, 20
1559117707.855535, 21
1559117707.880004, 20
1559117707.902090, 22
1559117707.929857, 21
1559117707.955072, 23
1559117707.977035, 22
1559117708.005067, 21
1559117708.036588, 23
1559117708.058748, 23
1559117708.082872, 23
1559117708.109344, 23
1559117708.133136, 23
1559117708.156303, 24
1559117708.187833, 25
1559117708.215383, 23
1559117708.242588, 23
1559117708.266544, 25
1559117708.291786, 24
1559117708.319119, 25
1559117708.344751, 25
1559117708.370690, 25
1559117708.389056, 25
1559117708.410753, 25
1559117708.434056, 25
1559117708.459536, 25
1559117708.482684, 25
1559117708.507202, 26
1559117708.530663, 25
1559117708.555642, 26
1559117708.581183, 27
1559117708.608800, 25
1559117708.632478, 25
1559117708.656308, 27
1559117708.682267, 27
1559117708.706596, 28
1559117708.732293, 26
1559117708.756553, 28
1559117708.780495, 27
1559117708.806976, 28
1559117708.830408, 27
1559117708.855967, 28
1559117708.881093, 28
1559117708.906663, 28
1559117708.933813, 27
1559117708.958011, 29
1559117708.983991, 30
1559117709.016338, 28
1559117709.042635, 28
1559117709.067697, 29
1559117709.090371, 30
1559117709.116687, 29
1559117709.139988, 29
1559117709.164758, 30
1559117709.188177, 30
1559117709.214187, 31
1559117709.242083, 30
1559117709.269617, 31
1559117709.295817, 30
1559117709.322478, 30
1559117709.352051, 31
1559117709.374358, 31
1559117709.395092, 30
1559117709.415849, 32
1559117709.435980, 32
1559117709.453948, 31
1559117709.477360, 32
1559117709.494051, 32
1559117709.511681, 33
1559117709.528465, 33
1559117709.545719, 31
1559117709.563682, 32
1559117709.581681, 33
1559117709.599244, 34
1559117709.616847, 32
1559117709.632512, 30
1559117709.648677, 32
1559117709.664450, 33
1559117709.684683, 33
1559117709.709242, 33
1559117709.736121, 32
1559117709.768484, 34
1559117709.790078, 34
1559117709.813317, 34
1559117709.838840, 32
1559117709.865166, 34
1559117709.893099, 34
1559117709.920332, 34
1559117709.947937, 33
1559117709.972057, 35
1559117710.000560, 34
1559117710.041276, 34
1559117710.064852, 35
1559117710.088202, 35
1559117710.114259, 36
1559117710.142057, 34
1559117710.168343, 37
1559117710.194963, 36
1559117710.220874, 36
1559117710.247989, 35
1559117710.274384, 36
1559117710.303266, 36
1559117710.328475, 36
1559117710.346315, 36
1559117710.364709, 38
1559117710.381116, 37
1559117710.397785, 37
1559117710.415638, 37
1559117710.433903, 37
1559117710.449455, 36
1559117710.465148, 38
1559117710.480835, 37
1559117710.505357, 37
1559117710.528007, 37
1559117710.556237, 38
1559117710.581800, 37
1559117710.609693, 39
1559117710.637977, 37
1559117710.666131, 38
1559117710.694275, 38
1559117710.720372, 38
1559117710.738049, 38
1559117710.754772, 36
1559117710.769280, 37
1559117710.784416, 40
1559117710.807952, 39
1559117710.832137, 39
1559117710.856419, 38
1559117710.882433, 39
1559117710.904138, 39
1559117710.928474, 38
1559117710.952352, 38
1559117710.980267, 40
1559117711.010728, 40
1559117711.040372, 40
1559117711.066659, 42
1559117711.093002, 41
1559117711.109503, 42
1559117711.124820, 40
1559117711.141478, 40
1559117711.157085, 40
1559117711.173199, 40
1559117711.198416, 41
1559117711.221034, 41
1559117711.245915, 41
1559117711.270902, 41
1559117711.293638, 40
1559117711.320861, 42
1559117711.344109, 41
1559117711.369228, 40
1559117711.394021, 41
1559117711.420375, 43
1559117711.447690, 43
1559117711.471987, 41
1559117711.496399, 42
1559117711.521888, 42
1559117711.549283, 42
1559117711.575680, 43
1559117711.603005, 42
1559117711.630924, 42
1559117711.655018, 43
1559117711.684630, 43
1559117711.710588, 43
1559117711.739020, 43
1559117711.764263, 44
1559117711.788706, 44
1559117711.816056, 43
1559117711.841027, 44
1559117711.870222, 44
1559117711.896160, 44
1559117711.923329, 45
1559117711.950392, 43
1559117711.976207, 44
1559117712.004799, 43
1559117712.033408, 44
1559117712.061467, 43
1559117712.086211, 45
1559117712.109693, 46
1559117712.131898, 44
1559117712.156550, 46
1559117712.183002, 44
1559117712.206009, 45
1559117712.229966, 45
1559117712.255834, 46
1559117712.278664, 47
1559117712.302018, 45
1559117712.324403, 45
1559117712.347859, 46
1559117712.372658, 45
1559117712.397348, 46
1559117712.422517, 46
1559117712.445875, 46
1559117712.469694, 46
1559117712.492140, 46
1559117712.518018, 46
1559117712.541410, 46
1559117712.567654, 46
1559117712.591345, 46
1559117712.618536, 47
1559117712.640393, 47
1559117712.662594, 48
1559117712.686696, 48
1559117712.709003, 47
1559117712.734556, 47
1559117712.757779, 47
1559117712.781444, 49
1559117712.808497, 48
1559117712.834781, 47
1559117712.860394, 47
1559117712.884950, 48
1559117712.907079, 49
1559117712.933595, 49
1559117712.961879, 48
1559117712.987625, 49
1559117713.029367, 49
1559117713.056291, 49
1559117713.073782, 48
1559117713.089259, 48
1559117713.105892, 50
1559117713.121692, 48
1559117713.144814, 49
1559117713.172642, 49
1559117713.196245, 51
1559117713.220055, 49
1559117713.243947, 50
1559117713.267858, 49
1559117713.291724, 50
1559117713.315721, 50
1559117713.341022, 49
1559117713.365505, 50
1559117713.388767, 50
1559117713.411708, 50
1559117713.434847, 51
1559117713.462255, 50
1559117713.488572, 50
1559117713.517093, 51
1559117713.540379, 52
1559117713.563816, 50
1559117713.588204, 50
1559117713.614839, 50
1559117713.638786, 49
1559117713.662974, 50
1559117713.690701, 51
1559117713.720187, 51
1559117713.743544, 52
1559117713.767994, 51
1559117713.792656, 51
1559117713.820681, 53
1559117713.843084, 52
1559117713.867218, 52
1559117713.889740, 52
1559117713.911823, 54
1559117713.939272, 52
1559117713.963477, 52
1559117713.988694, 52
1559117714.012110, 52
1559117714.039657, 52
1559117714.064152, 52
1559117714.089274, 52
1559117714.118941, 53
1559117714.144498, 53
1559117714.170520, 53
1559117714.194746, 53
1559117714.221865, 52
1559117714.256017, 53
1559117714.277198, 53
1559117714.296985, 54
1559117714.316738, 54
1559117714.336311, 54
1559117714.352754, 54
1559117714.370125, 53
1559117714.386641, 54
1559117714.403518, 54
1559117714.419488, 55
1559117714.436941, 55
1559117714.453601, 52
1559117714.471030, 54
1559117714.488598, 54
1559117714.505293, 53
1559117714.521371, 54
1559117714.537216, 55
1559117714.553644, 53
1559117714.569286, 54
1559117714.586248, 53
1559117714.608013, 56
1559117714.634950, 54
1559117714.656439, 53
1559117714.682572, 55
1559117714.710344, 56
1559117714.738386, 55
1559117714.763783, 55
1559117714.788510, 56
1559117714.817910, 56
1559117714.843705, 55
1559117714.870205, 55
1559117714.893338, 55
1559117714.920944, 56
1559117714.942493, 55
1559117714.966070, 57
1559117714.992837, 55
1559117715.026901, 57
1559117715.054549, 55
1559117715.078188, 56
1559117715.102434, 56
1559117715.125743, 57
1559117715.152678, 56
1559117715.176696, 56
1559117715.199849, 55
1559117715.223408, 57
1559117715.250249, 56
1559117715.272778, 55
1559117715.295905, 57
1559117715.319617, 56
1559117715.345105, 57
1559117715.368647, 56
1559117715.395789, 56
1559117715.425652, 57
1559117715.452215, 56
1559117715.480173, 57
1559117715.505055, 56
1559117715.529065, 58
1559117715.552162, 57
1559117715.577758, 57
1559117715.601712, 57
1559117715.625137, 59
1559117715.648339, 57
1559117715.670702, 58
1559117715.700625, 57
1559117715.728256, 59
1559117715.756816, 57
1559117715.784832, 57
1559117715.812524, 57
1559117715.836749, 58
1559117715.860826, 58
1559117715.884281, 58
1559117715.907914, 57
1559117715.934273, 58
1559117715.958960, 58
1559117715.982696, 58
1559117716.009873, 58
1559117716.040106, 58
1559117716.065325, 59
1559117716.089969, 57
1559117716.113761, 59
1559117716.138313, 59
1559117716.160092, 59
1559117716.186548, 58
1559117716.210846, 59
1559117716.237750, 60
1559117716.261120, 57
1559117716.284199, 58
1559117716.308655, 60
1559117716.334383, 61
1559117716.358402, 59
1559117716.381146, 59
1559117716.404269, 58
1559117716.433373, 61
1559117716.461252, 59
1559117716.487320, 61
1559117716.511916, 61
1559117716.536243, 61
1559117716.564357, 60
1559117716.588739, 60
1559117716.614524, 60
1559117716.642387, 61
1559117716.675414, 61
1559117716.702080, 61
1559117716.720355, 61
1559117716.737101, 60
1559117716.760953, 62
1559117716.784284, 61
1559117716.807318, 60
1559117716.831767, 61
1559117716.857391, 62
1559117716.882524, 62
1559117716.905789, 60
1559117716.931591, 63
1559117716.954695, 63
1559117716.978364, 61
1559117717.006477, 60
1559117717.049475, 62
1559117717.073093, 62
1559117717.098372, 62
1559117717.126634, 63
1559117717.152676, 63
1559117717.177441, 62
1559117717.206493, 62
1559117717.233973, 64
1559117717.259882, 63
1559117717.278812, 62
1559117717.305251, 61
1559117717.332401, 63
1559117717.359952, 63
1559117717.384630, 63
1559117717.407427, 62
1559117717.434794, 65
1559117717.461608, 64
1559117717.485001, 63
1559117717.507321, 63
1559117717.532001, 63
1559117717.558108, 64
1559117717.584665, 62
1559117717.608426, 63
1559117717.632254, 64
1559117717.659387, 64
1559117717.687880, 63
1559117717.714491, 63
1559117717.745065, 64
1559117717.780319, 64
1559117717.807674, 64
1559117717.836105, 66
1559117717.863820, 66
1559117717.893533, 63
1559117717.931370, 64
1559117717.949211, 66
1559117717.967845, 66
1559117717.986841, 65
1559117718.011099, 65
1559117718.031038, 65
1559117718.049576, 66
1559117718.069033, 65
1559117718.088654, 66
1559117718.106219, 64
1559117718.123553, 63
1559117718.139539, 64
1559117718.156932, 67
1559117718.175244, 66
1559117718.194264, 65
1559117718.211627, 65
1559117718.227953, 65
1559117718.244008, 64
1559117718.264677, 66
1559117718.291665, 64
1559117718.318513, 65
1559117718.341377, 66
1559117718.366253, 66
1559117718.389833, 66
1559117718.415534, 65
1559117718.441294, 68
1559117718.468648, 68
1559117718.499759, 66
1559117718.528476, 66
1559117718.555455, 67
1559117718.581616, 66
1559117718.601396, 67
1559117718.628947, 67
1559117718.647744, 67
1559117718.671174, 65
1559117718.686880, 68
1559117718.703387, 66
1559117718.720673, 66
1559117718.742832, 68
1559117718.760454, 67
1559117718.777492, 67
1559117718.794120, 67
1559117718.808765, 68
1559117718.824152, 66
1559117718.839796, 67
1559117718.856523, 68
1559117718.874030, 69
1559117718.901258, 68
1559117718.930277, 67
1559117718.960538, 68
1559117718.996361, 67
1559117719.041495, 64
1559117719.058154, 67
1559117719.074083, 69
1559117719.091199, 68
1559117719.108427, 68
1559117719.132617, 68
1559117719.154775, 68
1559117719.186084, 69
1559117719.217115, 67
1559117719.247681, 69
1559117719.274779, 69
1559117719.292843, 69
1559117719.311545, 70
1559117719.328999, 69
1559117719.346711, 69
1559117719.375066, 69
1559117719.403971, 69
1559117719.431189, 68
1559117719.459317, 68
1559117719.487283, 71
1559117719.516904, 70
1559117719.546824, 69
1559117719.575738, 70
1559117719.605394, 68
1559117719.634493, 69
1559117719.664717, 70
1559117719.692984, 70
1559117719.724154, 69
1559117719.755693, 70
1559117719.785217, 70
1559117719.816891, 70
1559117719.847094, 70
1559117719.876149, 71
1559117719.904690, 71
1559117719.939033, 70
1559117719.966879, 71
1559117720.000193, 71
1559117720.031907, 72
1559117720.080125, 71
1559117720.119535, 71
1559117720.138185, 70
1559117720.156703, 72
1559117720.174493, 71
1559117720.190984, 72
1559117720.209514, 71
1559117720.228308, 72
1559117720.245063, 71
1559117720.296284, 70
1559117720.318380, 72
1559117720.341161, 73
1559117720.359919, 73
1559117720.378062, 71
1559117720.396343, 72
1559117720.413680, 72
1559117720.429550, 71
1559117720.446861, 72
1559117720.463810, 71
1559117720.479120, 72
1559117720.494761, 72
1559117720.524781, 72
1559117720.558419, 71
1559117720.587797, 73
1559117720.621194, 73
1559117720.656053, 72
1559117720.686222, 72
1559117720.706442, 73
1559117720.723979, 73
1559117720.743236, 73
1559117720.760997, 71
1559117720.776756, 72
1559117720.792284, 72
1559117720.808784, 74
1559117720.841426, 73
1559117720.869756, 72
1559117720.901936, 73
1559117720.932269, 73
1559117720.962048, 75
1559117720.983137, 73
1559117721.005315, 74
1559117721.024290, 74
1559117721.047142, 74
1559117721.066676, 73
1559117721.084327, 72
1559117721.100054, 73
1559117721.115615, 73
1559117721.133128, 74
1559117721.164847, 72
1559117721.196520, 74
1559117721.238682, 75
1559117721.280395, 73
1559117721.310285, 74
1559117721.327695, 75
1559117721.344572, 76
1559117721.362774, 75
1559117721.380762, 75
1559117721.402239, 73
1559117721.418662, 75
1559117721.434609, 75
1559117721.451241, 76
1559117721.494047, 76
1559117721.574250, 73
1559117721.615704, 76
1559117721.634019, 77
1559117721.649520, 76
1559117721.666450, 75
1559117721.682879, 76
1559117721.698861, 75
1559117721.726400, 77
1559117721.754048, 76
1559117721.779685, 77
1559117721.808406, 75
1559117721.837075, 76
1559117721.866564, 76
1559117721.894594, 75
1559117721.925938, 76
1559117721.958263, 76
1559117721.986914, 76
1559117722.022930, 77
1559117722.056032, 76
1559117722.088383, 77
1559117722.117657, 76
1559117722.147623, 77
1559117722.164303, 77
1559117722.181671, 78
1559117722.198197, 76
1559117722.214883, 74
1559117722.231548, 76
1559117722.247814, 77
1559117722.266610, 78
1559117722.297340, 75
1559117722.341142, 78
1559117722.394198, 79
1559117722.439931, 78
1559117722.474807, 78
1559117722.493281, 77
1559117722.510374, 77
1559117722.527076, 78
1559117722.545584, 78
1559117722.563259, 78
1559117722.589596, 77
1559117722.619196, 75
1559117722.644544, 78
1559117722.673747, 79
1559117722.706094, 78
1559117722.732782, 78
1559117722.757670, 78
1559117722.785971, 80
1559117722.813243, 78
1559117722.842140, 78
1559117722.868427, 78
1559117722.899699, 80
1559117722.930542, 78
1559117722.956549, 79
1559117722.986924, 79
1559117723.018223, 78
1559117723.055089, 79
1559117723.081569, 79
1559117723.107960, 79
1559117723.136648, 78
1559117723.163376, 80
1559117723.190836, 79
1559117723.221221, 78
1559117723.251870, 80
1559117723.280465, 80
1559117723.308665, 80
1559117723.339116, 79
1559117723.366398, 80
1559117723.394775, 79
1559117723.423286, 79
1559117723.453805, 80
1559117723.480542, 80
1559117723.510298, 80
1559117723.540011, 80
1559117723.575180, 79
1559117723.604150, 81
1559117723.636201, 79
1559117723.668153, 81
1559117723.700870, 81
1559117723.731892, 80
1559117723.757663, 81
1559117723.779747, 81
1559117723.806191, 81
1559117723.830472, 80
1559117723.856356, 80
1559117723.878641, 81
1559117723.902989, 81
1559117723.928731, 81
1559117723.954132, 80
1559117723.980092, 80
1559117724.008220, 82
1559117724.044462, 82
1559117724.061998, 81
1559117724.079522, 82
1559117724.095610, 82
1559117724.111933, 81
1559117724.137881, 82
1559117724.162683, 81
1559117724.195215, 82
1559117724.220701, 83
1559117724.246242, 83
1559117724.271869, 81
1559117724.296475, 82
1559117724.323750, 82
1559117724.349006, 81
1559117724.372274, 82
1559117724.396878, 83
1559117724.420389, 82
1559117724.445843, 82
1559117724.468646, 83
1559117724.496457, 82
1559117724.521792, 83
1559117724.549735, 83
1559117724.576576, 83
1559117724.599578, 83
1559117724.623279, 83
1559117724.648680, 82
1559117724.677576, 83
1559117724.700960, 82
1559117724.724524, 84
1559117724.747352, 83
1559117724.772306, 84
1559117724.797825, 83
1559117724.824092, 84
1559117724.849298, 84
1559117724.876825, 83
1559117724.903550, 84
1559117724.927022, 84
1559117724.944574, 85
1559117724.962273, 83
1559117724.978691, 84
1559117724.996370, 83
1559117725.011951, 85
1559117725.035443, 83
1559117725.058963, 85
1559117725.082166, 84
1559117725.111118, 85
1559117725.137016, 84
1559117725.160439, 84
1559117725.185366, 84
1559117725.209243, 84
1559117725.233760, 84
1559117725.258302, 85
1559117725.281069, 85
1559117725.309030, 85
1559117725.333610, 85
1559117725.360099, 85
1559117725.385212, 85
1559117725.408099, 85
1559117725.433772, 85
1559117725.457771, 85
1559117725.482035, 86
1559117725.504968, 85
1559117725.530211, 86
1559117725.556353, 85
1559117725.579191, 85
1559117725.605389, 86
1559117725.631186, 85
1559117725.655595, 86
1559117725.682497, 85
1559117725.707699, 86
1559117725.731667, 85
1559117725.760343, 87
1559117725.788327, 86
1559117725.813905, 87
1559117725.844292, 85
1559117725.871100, 86
1559117725.893685, 86
1559117725.920184, 87
1559117725.943654, 87
1559117725.970186, 86
1559117725.998079, 87
1559117726.024873, 86
1559117726.050991, 87
1559117726.079884, 86
1559117726.103725, 86
1559117726.129711, 88
1559117726.156107, 87
1559117726.186588, 86
1559117726.212450, 87
1559117726.236359, 87
1559117726.259626, 87
1559117726.285987, 86
1559117726.312285, 88
1559117726.338761, 87
1559117726.365390, 88
1559117726.392197, 87
1559117726.419163, 88
1559117726.442993, 86
1559117726.465429, 88
1559117726.490574, 88
1559117726.516560, 87
1559117726.541724, 87
1559117726.565126, 87
1559117726.589676, 88
1559117726.614481, 87
1559117726.640247, 89
1559117726.668012, 88
1559117726.696074, 89
1559117726.722981, 87
1559117726.748523, 88
1559117726.772771, 89
1559117726.796271, 89
1559117726.820452, 88
1559117726.847673, 88
1559117726.873376, 88
1559117726.899368, 88
1559117726.926798, 88
1559117726.955110, 89
1559117726.978782, 89
1559117727.006823, 91
1559117727.040425, 90
1559117727.068193, 89
1559117727.092994, 90
1559117727.116781, 89
1559117727.140098, 89
1559117727.171442, 89
1559117727.195951, 90
1559117727.222527, 89
1559117727.248597, 89
1559117727.277355, 90
1559117727.305493, 89
1559117727.329986, 90
1559117727.355162, 89
1559117727.382428, 89
1559117727.407955, 89
1559117727.433267, 90
1559117727.456602, 91
1559117727.486470, 91
1559117727.512432, 91
1559117727.536507, 92
1559117727.560491, 91
1559117727.583897, 91
1559117727.609062, 91
1559117727.632294, 90
1559117727.656587, 90
1559117727.681281, 90
1559117727.708286, 89
1559117727.733411, 91
1559117727.757479, 92
1559117727.780531, 91
1559117727.805852, 91
1559117727.830856, 90
1559117727.856743, 90
1559117727.879988, 90
1559117727.904854, 92
1559117727.932453, 91
1559117727.956471, 91
1559117727.980248, 91
1559117728.017597, 91
1559117728.048027, 92
1559117728.072050, 91
1559117728.095397, 91
1559117728.120050, 92
1559117728.145025, 92
1559117728.171463, 91
1559117728.198830, 92
1559117728.226110, 92
1559117728.260427, 92
1559117728.283961, 92
1559117728.308873, 93
1559117728.332256, 91
1559117728.356009, 92
1559117728.383795, 92
1559117728.406930, 94
1559117728.432886, 92
1559117728.457957, 92
1559117728.485270, 92
1559117728.510152, 94
1559117728.535646, 91
1559117728.562845, 91
1559117728.593746, 92
1559117728.620418, 94
1559117728.644344, 92
1559117728.667763, 92
1559117728.693125, 92
1559117728.718266, 93
1559117728.744606, 93
1559117728.769735, 92
1559117728.793599, 91
1559117728.818790, 93
1559117728.842432, 93
1559117728.867032, 93
1559117728.891680, 94
1559117728.915766, 93
1559117728.940506, 94
1559117728.963858, 93
1559117728.989327, 94
1559117729.019136, 93
1559117729.044071, 94
1559117729.067529, 93
1559117729.091827, 93
1559117729.116762, 94
1559117729.144075, 93
1559117729.170676, 93
1559117729.194500, 94
1559117729.218008, 95
1559117729.244884, 92
1559117729.274410, 93
1559117729.304806, 91
1559117729.351087, 93
1559117729.377181, 94
1559117729.402166, 94
1559117729.428099, 95
1559117729.452728, 94
1559117729.477366, 94
1559117729.502263, 94
1559117729.526815, 95
1559117729.551101, 94
1559117729.578342, 95
1559117729.604677, 94
1559117729.628623, 97
1559117729.654083, 94
1559117729.680947, 95
1559117729.708007, 94
1559117729.735624, 96
1559117729.761559, 94
1559117729.788328, 94
1559117729.810325, 93
1559117729.827024, 96
1559117729.852093, 94
1559117729.875696, 95
1559117729.902289, 94
1559117729.931151, 96
1559117729.957839, 96
1559117729.983657, 95
1559117730.011967, 95
1559117730.055699, 96
1559117730.080433, 96
1559117730.106316, 95
1559117730.133022, 97
1559117730.155802, 96
1559117730.182829, 95
1559117730.208177, 95
1559117730.233577, 97
1559117730.256179, 96
1559117730.280999, 95
1559117730.306447, 95
1559117730.331737, 96
1559117730.357653, 96
1559117730.384688, 96
1559117730.411911, 96
1559117730.438004, 97
1559117730.465110, 96
1559117730.492849, 96
1559117730.518410, 96
1559117730.543894, 97
1559117730.569182, 98
1559117730.593782, 96
1559117730.619081, 96
1559117730.642124, 98
1559117730.671427, 96
1559117730.696731, 97
1559117730.723353, 96
1559117730.750092, 98
1559117730.778933, 96
1559117730.807106, 97
1559117730.836717, 99
1559117730.868439, 97
1559117730.887055, 97
1559117730.902840, 97
1559117730.920319, 97
1559117730.938691, 97
1559117730.955824, 99
1559117730.972188, 99
1559117730.991585, 96
1559117731.017219, 96
1559117731.040228, 100
1559117731.064764, 99
1559117731.091740, 97
1559117731.115965, 97
1559117731.143987, 99
1559117731.169734, 98
1559117731.192382, 98
1559117731.218990, 97
1559117731.242769, 99
1559117731.266798, 99
1559117731.290884, 98
1559117731.314933, 98
1559117731.340119, 99
1559117731.364300, 99
1559117731.389190, 98
1559117731.412650, 98
1559117731.438863, 98
1559117731.464153, 99
1559117731.488346, 98
1559117731.512314, 99
1559117731.540536, 101
1559117731.567633, 99
1559117731.592864, 99
1559117731.618201, 99
1559117731.638055, 100
1559117731.658285, 100
1559117731.677848, 100
1559117731.697575, 101
1559117731.717798, 100
1559117731.737429, 99
1559117731.757043, 100
1559117731.774523, 100
1559117731.792446, 99
1559117731.812937, 99
1559117731.838930, 99
1559117731.864106, 101
1559117731.889981, 100
1559117731.914845, 98
1559117731.942253, 99
1559117731.970353, 100
1559117731.999915, 98
1559117732.022906, 100
1559117732.041157, 100
1559117732.057747, 100
1559117732.074479, 100
1559117732.091004, 101
1559117732.106777, 99
1559117732.123101, 99
1559117732.138752, 99
1559117732.154629, 99
1559117732.172276, 100
1559117732.194148, 100
1559117732.219427, 99
1559117732.243537, 100
1559117732.271095, 100
1559117732.299896, 100
1559117732.331038, 101
1559117732.355696, 101
1559117732.382157, 100
1559117732.410504, 100
1559117732.438844, 99
1559117732.464867, 101
1559117732.493209, 99
1559117732.520968, 100
1559117732.549290, 102
1559117732.579090, 102
1559117732.608331, 100
1559117732.636876, 101
1559117732.663816, 102
1559117732.690596, 101
1559117732.720100, 100
1559117732.748126, 101
1559117732.775821, 102
1559117732.795184, 100
1559117732.815926, 101
1559117732.836954, 101
1559117732.858978, 101
1559117732.879559, 102
1559117732.900371, 101
1559117732.920195, 101
1559117732.941162, 101
1559117732.961282, 101
1559117732.981924, 102
1559117733.003411, 102
1559117733.022158, 102
1559117733.041429, 101
1559117733.059073, 101
1559117733.077792, 103
1559117733.104560, 102
1559117733.130375, 103
1559117733.157066, 102
1559117733.192766, 103
1559117733.221038, 102
1559117733.243842, 102
1559117733.261568, 103
1559117733.278945, 103
1559117733.295042, 104
1559117733.317282, 102
1559117733.342428, 102
1559117733.365931, 103
1559117733.392365, 104
1559117733.416068, 103
1559117733.440016, 103
1559117733.465181, 103
1559117733.492545, 103
1559117733.518069, 102
1559117733.542279, 102
1559117733.566423, 104
1559117733.591971, 103
1559117733.618630, 103
1559117733.643052, 103
1559117733.669948, 103
1559117733.695557, 104
1559117733.724642, 101
1559117733.752200, 103
1559117733.777316, 103
1559117733.801600, 104
1559117733.817961, 103
1559117733.835844, 102
1559117733.859102, 104
1559117733.882080, 104
1559117733.905511, 103
1559117733.932001, 103
1559117733.958539, 103
1559117733.985731, 105
1559117734.013983, 104
1559117734.047498, 103
1559117734.072467, 105
1559117734.100039, 104
1559117734.128814, 104
1559117734.153121, 103
1559117734.181468, 105
1559117734.206118, 104
1559117734.235179, 104
1559117734.262260, 104
1559117734.291976, 105
1559117734.320515, 103
1559117734.348372, 105
1559117734.374452, 105
1559117734.391903, 106
1559117734.408325, 105
1559117734.427166, 103
1559117734.451725, 104
1559117734.472926, 105
1559117734.500551, 105
1559117734.524544, 105
1559117734.550499, 104
1559117734.574251, 105
1559117734.589796, 105
1559117734.606954, 105
1559117734.622343, 105
1559117734.640713, 105
1559117734.657848, 102
1559117734.677256, 105
1559117734.696327, 107
1559117734.718151, 105
1559117734.735950, 105
1559117734.752196, 105
1559117734.768877, 104
1559117734.785470, 104
1559117734.802542, 105
1559117734.819430, 105
1559117734.838811, 106
1559117734.855979, 106
1559117734.872544, 105
1559117734.889462, 106
1559117734.907729, 107
1559117734.925261, 106
1559117734.943098, 104
1559117734.965891, 106
1559117734.989216, 106
1559117735.017823, 105
1559117735.040175, 105
1559117735.057818, 105
1559117735.078970, 107
1559117735.097450, 107
1559117735.115377, 106
1559117735.132427, 106
1559117735.164951, 106
1559117735.192109, 107
1559117735.220197, 106
1559117735.250696, 106
1559117735.277062, 106
1559117735.306866, 107
1559117735.333688, 106
1559117735.358407, 106
1559117735.386016, 107
1559117735.414792, 105
1559117735.451151, 106
1559117735.492575, 108
1559117735.522101, 108
1559117735.552482, 106
1559117735.579858, 108
1559117735.604426, 108
1559117735.632427, 108
1559117735.657553, 106
1559117735.687333, 105
1559117735.708751, 107
1559117735.727696, 108
1559117735.744291, 106
1559117735.760393, 106
1559117735.776361, 106
1559117735.793258, 107
1559117735.816211, 108
1559117735.837304, 107
1559117735.860507, 106
1559117735.882089, 106
1559117735.901959, 107
1559117735.924971, 107
1559117735.944189, 107
1559117735.976329, 107
1559117736.006043, 108
1559117736.058008, 103
1559117736.077922, 108
1559117736.094560, 108
1559117736.114060, 108
1559117736.142102, 109
1559117736.158425, 106
1559117736.175740, 106
1559117736.193123, 108
1559117736.210858, 108
1559117736.227793, 109
1559117736.254653, 108
1559117736.270848, 107
1559117736.290396, 109
1559117736.313845, 109
1559117736.337134, 109
1559117736.357804, 108
1559117736.379075, 108
1559117736.396751, 109
1559117736.412910, 109
1559117736.428495, 108
1559117736.449484, 107
1559117736.464920, 107
1559117736.480812, 108
1559117736.496990, 110
1559117736.514443, 109
1559117736.529500, 109
1559117736.548107, 109
1559117736.569093, 107
1559117736.590087, 107
1559117736.608540, 109
1559117736.629668, 109
1559117736.645840, 107
1559117736.664691, 109
1559117736.681326, 108
1559117736.697003, 109
1559117736.712655, 108
1559117736.729488, 109
1559117736.747137, 109
1559117736.764267, 108
1559117736.781798, 110
1559117736.799355, 111
1559117736.818052, 109
1559117736.834686, 111
1559117736.851677, 110
1559117736.867838, 109
1559117736.883989, 109
1559117736.900044, 110
1559117736.915985, 110
1559117736.932349, 111
1559117736.948825, 111
1559117736.965038, 109
1559117736.980851, 108
1559117736.998238, 110
1559117737.031469, 110
1559117737.049484, 110
1559117737.066791, 110
1559117737.082942, 108
1559117737.106221, 111
1559117737.129709, 111
1559117737.146221, 110
1559117737.161616, 110
1559117737.176456, 110
1559117737.192111, 109
1559117737.206773, 110
1559117737.221382, 111
1559117737.235991, 111
1559117737.250660, 110
1559117737.266457, 109
1559117737.282806, 108
1559117737.298797, 109
1559117737.313567, 109
1559117737.329947, 110
1559117737.347170, 111
1559117737.368147, 110
1559117737.384941, 111
1559117737.399607, 111
1559117737.415244, 111
1559117737.432658, 111
1559117737.448523, 111
1559117737.468566, 110
1559117737.498379, 109
1559117737.513566, 110
1559117737.528688, 110
1559117737.546542, 111
1559117737.565259, 112
1559117737.584685, 110
1559117737.600875, 109
1559117737.615925, 111
1559117737.633255, 111
1559117737.648808, 111
1559117737.664735, 112
1559117737.681297, 110
1559117737.696446, 109
1559117737.713613, 111
1559117737.729187, 112
1559117737.745705, 112
1559117737.759946, 112
1559117737.777157, 110
1559117737.792166, 110
1559117737.811098, 111
1559117737.825758, 110
1559117737.841408, 110
1559117737.857962, 111
1559117737.874837, 111
1559117737.892553, 111
1559117737.912522, 112
1559117737.933060, 112
1559117737.950003, 112
1559117737.965410, 112
1559117737.983756, 110
1559117738.001834, 111
1559117738.017670, 112
1559117738.041366, 113
1559117738.061415, 112
1559117738.078406, 111
1559117738.095005, 111
1559117738.111714, 112
1559117738.133077, 112
1559117738.152391, 112
1559117738.170731, 111
1559117738.187461, 110
1559117738.204861, 112
1559117738.224522, 112
1559117738.247643, 112
1559117738.271302, 112
1559117738.288059, 111
1559117738.303090, 110
1559117738.320192, 112
1559117738.336826, 112
1559117738.355121, 112
1559117738.375063, 111
1559117738.389404, 111
1559117738.404052, 111
1559117738.420690, 112
1559117738.436827, 113
1559117738.458754, 113
1559117738.473765, 112
1559117738.489507, 112
1559117738.509569, 112
1559117738.524772, 112
1559117738.540748, 113
1559117738.558845, 114
1559117738.574059, 112
1559117738.591092, 113
1559117738.606764, 112
1559117738.627475, 112
1559117738.644318, 113
1559117738.660948, 113
1559117738.677060, 113
1559117738.693684, 111
1559117738.708663, 112
1559117738.725881, 113
1559117738.740534, 113
1559117738.756119, 113
1559117738.770789, 113
1559117738.785488, 114
1559117738.813337, 113
1559117738.830835, 112
1559117738.867087, 114
1559117738.883678, 113
1559117738.901793, 109
1559117738.916833, 112
1559117738.931404, 113
1559117738.946570, 113
1559117738.963275, 114
1559117738.983556, 113
1559117739.000379, 114
1559117739.025674, 114
1559117739.041322, 115
1559117739.056854, 114
1559117739.071693, 114
1559117739.086319, 115
1559117739.100890, 114
1559117739.115927, 114
1559117739.130352, 114
1559117739.144736, 114
1559117739.159393, 114
1559117739.173816, 114
1559117739.189473, 113
1559117739.205057, 113
1559117739.220632, 114
1559117739.236281, 114
1559117739.252069, 114
1559117739.268240, 114
1559117739.283785, 113
1559117739.301315, 113
1559117739.318872, 115
1559117739.342203, 114
1559117739.357825, 114
1559117739.374957, 113
1559117739.392085, 114
1559117739.411699, 113
1559117739.431874, 114
1559117739.448598, 113
1559117739.467170, 114
1559117739.483707, 115
1559117739.501431, 113
1559117739.518516, 114
1559117739.535683, 114
1559117739.552191, 114
1559117739.567753, 115
1559117739.583001, 116
1559117739.598458, 114
1559117739.614119, 114
1559117739.632657, 116
1559117739.651400, 115
1559117739.668608, 114
1559117739.683239, 114
1559117739.698641, 114
1559117739.714975, 115
1559117739.733989, 115
1559117739.752127, 114
1559117739.770619, 115
1559117739.787079, 114
1559117739.807742, 113
1559117739.823340, 114
1559117739.838961, 116
1559117739.853611, 115
1559117739.869634, 115
1559117739.885317, 115
1559117739.902010, 114
1559117739.923185, 114
1559117739.938490, 115
1559117739.954657, 115
1559117739.970420, 115
1559117739.988413, 115
1559117740.005726, 115
1559117740.024738, 114
1559117740.042013, 115
1559117740.061212, 115
1559117740.080723, 115
1559117740.098582, 115
1559117740.115547, 114
1559117740.135384, 117
1559117740.152996, 116
1559117740.168175, 116
1559117740.188244, 116
1559117740.203786, 114
1559117740.220431, 115
1559117740.239873, 116
1559117740.256038, 116
1559117740.271742, 115
1559117740.290656, 116
1559117740.307797, 115
1559117740.324387, 114
1559117740.340665, 116
1559117740.361884, 116
1559117740.383848, 116
1559117740.405913, 115
1559117740.428838, 117
1559117740.445796, 116
1559117740.465970, 116
1559117740.485772, 116
1559117740.504593, 115
1559117740.524290, 115
1559117740.541185, 115
1559117740.560437, 116
1559117740.577401, 116
1559117740.594597, 116
1559117740.615961, 116
1559117740.636218, 116
1559117740.653662, 117
1559117740.673640, 117
1559117740.692846, 117
1559117740.709170, 116
1559117740.728274, 117
1559117740.745513, 117
1559117740.762100, 117
1559117740.778783, 116
1559117740.796481, 116
1559117740.813435, 116
1559117740.831158, 117
1559117740.853284, 117
1559117740.872943, 118
1559117740.896922, 116
1559117740.922272, 117
1559117740.940870, 116
1559117740.961359, 117
1559117740.981787, 118
1559117741.003636, 118
1559117741.027904, 116
1559117741.045335, 117