1559117614.438188, 0
1559117614.468748, 0
1559117614.505632, 0
1559117614.535855, 2
1559117614.551558, 7
1559117614.567794, 3
1559117614.590377, 9
1559117614.609451, 8
1559117614.625118, 9
1559117614.640179, 9
1559117614.656377, 10
1559117614.676150, 7
1559117614.690513, 10
1559117614.705777, 5
1559117614.721874, 8
1559117614.747750, 7
1559117614.776109, 1
1559117614.802910, 3
1559117614.825999, 2
1559117614.850817, 4
1559117614.886399, 4
1559117614.909609, 2
1559117614.935945, 4
1559117614.965091, 4
1559117614.990565, 5
1559117615.022746, 5
1559117615.050701, 5
1559117615.075570, 6
1559117615.105637, 7
1559117615.129263, 6
1559117615.154541, 7
1559117615.188518, 8
1559117615.208478, 9
1559117615.228280, 9
1559117615.249091, 8
1559117615.268511, 9
1559117615.288906, 8
1559117615.307038, 9
1559117615.324665, 9
1559117615.344332, 8
1559117615.370611, 8
1559117615.396763, 10
1559117615.421830, 5
1559117615.447857, 2
1559117615.472224, 1
1559117615.500742, 2
1559117615.523874, 0
1559117615.547224, 2
1559117615.582376, 2
1559117615.608063, 0
1559117615.634219, 1
1559117615.659937, 2
1559117615.683015, 4
1559117615.706064, 4
1559117615.730921, 2
1559117615.754617, 2
1559117615.780576, 3
1559117615.806779, 3
1559117615.834817, 3
1559117615.862053, 5
1559117615.886356, 4
1559117615.908961, 4
1559117615.937417, 6
1559117615.960869, 6
1559117615.987390, 7
1559117616.023164, 7
1559117616.058066, 7
1559117616.081894, 7
1559117616.108273, 9
1559117616.130357, 9
1559117616.156551, 9
1559117616.180814, 9
1559117616.209372, 8
1559117616.239771, 10
1559117616.266960, 5
1559117616.292267, 4
1559117616.318353, 3
1559117616.339699, 2
1559117616.360307, 3
1559117616.380108, 2
1559117616.399195, 3
1559117616.417779, 5
1559117616.440620, 4
1559117616.464165, 3
1559117616.490141, 6
1559117616.514149, 7
1559117616.538955, 6
1559117616.561375, 6
1559117616.586649, 6
1559117616.613668, 8
1559117616.637801, 7
1559117616.661012, 9
1559117616.685458, 8
1559117616.709515, 8
1559117616.733318, 8
1559117616.759425, 8
1559117616.780351, 8
1559117616.806384, 2
1559117616.833182, 3
1559117616.857007, 3
1559117616.880703, 3
1559117616.909215, 3
1559117616.936885, 5
1559117616.960960, 4
1559117616.995178, 4
1559117617.044640, 6
1559117617.071165, 5
1559117617.091244, 6
1559117617.111554, 7
1559117617.130998, 7
1559117617.149421, 7
1559117617.167847, 8
1559117617.185558, 9
1559117617.204093, 8
1559117617.220323, 8
1559117617.238029, 9
1559117617.255553, 9
1559117617.273036, 7
1559117617.290615, 10
1559117617.308879, 9
1559117617.325470, 10
1559117617.342030, 9
1559117617.359833, 8
1559117617.376189, 9
1559117617.392076, 7
1559117617.409166, 5
1559117617.428024, 3
1559117617.446190, 2
1559117617.464728, 2
1559117617.483282, 3
1559117617.501967, 4
1559117617.519290, 4
1559117617.539833, 5
1559117617.557322, 4
1559117617.576105, 4
1559117617.593270, 5
1559117617.613491, 5
1559117617.632259, 6
1559117617.655857, 6
1559117617.675886, 5
1559117617.695113, 6
1559117617.716056, 8
1559117617.733727, 7
1559117617.754332, 7
1559117617.771564, 7
1559117617.789969, 9
1559117617.807494, 9
1559117617.823062, 7
1559117617.839688, 9
1559117617.855435, 8
1559117617.872267, 10
1559117617.888441, 9
1559117617.904741, 10
1559117617.921495, 9
1559117617.937841, 9
1559117617.954525, 9
1559117617.972467, 7
1559117617.991985, 6
1559117618.011371, 3
1559117618.030462, 4
1559117618.050427, 2
1559117618.068618, 2
1559117618.087358, 3
1559117618.106010, 4
1559117618.124598, 4
1559117618.142719, 4
1559117618.160822, 5
1559117618.179612, 6
1559117618.198902, 6
1559117618.218326, 6
1559117618.239961, 8
1559117618.259061, 5
1559117618.279830, 7
1559117618.302998, 6
1559117618.322242, 7
1559117618.342625, 7
1559117618.359912, 7
1559117618.377917, 8
1559117618.395623, 8
1559117618.413532, 8
1559117618.431148, 10
1559117618.449467, 9
1559117618.466779, 8
1559117618.485012, 9
1559117618.507056, 2
1559117618.526775, 3
1559117618.545124, 1
1559117618.563698, 3
1559117618.581445, 3
1559117618.598208, 3
1559117618.616099, 3
1559117618.633552, 3
1559117618.651065, 2
1559117618.668539, 4
1559117618.686430, 5
1559117618.704949, 4
1559117618.723236, 4
1559117618.741853, 7
1559117618.762736, 6
1559117618.780413, 6
1559117618.803441, 6
1559117618.827818, 7
1559117618.845085, 8
1559117618.863383, 7
1559117618.883217, 8
1559117618.907038, 8
1559117618.927873, 7
1559117618.947629, 10
1559117618.967083, 9
1559117618.987284, 3
1559117619.032684, 10
1559117619.057131, 10
1559117619.080594, 9
1559117619.098695, 6
1559117619.122632, 3
1559117619.141628, 3
1559117619.161706, 2
1559117619.181203, 4
1559117619.200226, 3
1559117619.217296, 5
1559117619.234662, 5
1559117619.252340, 5
1559117619.268407, 5
1559117619.289549, 5
1559117619.310069, 5
1559117619.328671, 7
1559117619.348211, 6
1559117619.367726, 6
1559117619.386145, 6
1559117619.406176, 7
1559117619.426165, 8
1559117619.443303, 9
1559117619.460822, 9
1559117619.477784, 7
1559117619.494220, 10
1559117619.511699, 7
1559117619.528883, 9
1559117619.547769, 9
1559117619.565980, 7
1559117619.584323, 8
1559117619.601701, 8
1559117619.620331, 1
1559117619.640272, 2
1559117619.658314, 4
1559117619.675619, 2
1559117619.693278, 2
1559117619.712051, 3
1559117619.728620, 2
1559117619.744714, 3
1559117619.761558, 4
1559117619.779107, 5
1559117619.795884, 4
1559117619.811496, 5
1559117619.828103, 6
1559117619.844659, 5
1559117619.864044, 6
1559117619.891137, 4
1559117619.912671, 6
1559117619.932016, 5
1559117619.962386, 7
1559117619.978627, 7
1559117619.996148, 7
1559117620.012935, 8
1559117620.029760, 8
1559117620.047912, 8
1559117620.065463, 8
1559117620.093427, 8
1559117620.112594, 8
1559117620.130697, 8
1559117620.148265, 2
1559117620.166790, 2
1559117620.183560, 1
1559117620.200251, 2
1559117620.215897, 3
1559117620.234164, 2
1559117620.250811, 2
1559117620.267338, 2
1559117620.283279, 3
1559117620.302184, 4
1559117620.318442, 4
1559117620.335331, 5
1559117620.352054, 5
1559117620.369290, 5
1559117620.387554, 6
1559117620.403706, 6
1559117620.420555, 6
1559117620.437769, 6
1559117620.465187, 8
1559117620.481698, 7
1559117620.505511, 6
1559117620.522686, 6
1559117620.542213, 8
1559117620.559574, 9
1559117620.576230, 8
1559117620.601144, 9
1559117620.621714, 8
1559117620.638791, 9
1559117620.656033, 9
1559117620.674566, 2
1559117620.694218, 2
1559117620.712621, 2
1559117620.732285, 2
1559117620.752029, 0
1559117620.770236, 2
1559117620.788748, 1
1559117620.806301, 1
1559117620.824020, 1
1559117620.841529, 3
1559117620.858359, 3
1559117620.875749, 2
1559117620.892504, 1
1559117620.909772, 3
1559117620.926387, 2
1559117620.944343, 3
1559117620.961522, 4
1559117620.978526, 2
1559117621.017223, 2
1559117621.033799, 2
1559117621.051408, 5
1559117621.070061, 4
1559117621.087823, 5
1559117621.104293, 6
1559117621.121802, 5
1559117621.140343, 6
1559117621.160553, 6
1559117621.181770, 6
1559117621.199340, 6
1559117621.222055, 7
1559117621.241036, 7
1559117621.260155, 8
1559117621.279073, 7
1559117621.298781, 8
1559117621.320279, 8
1559117621.340560, 9
1559117621.360161, 8
1559117621.378962, 10
1559117621.398278, 8
1559117621.423650, 7
1559117621.441903, 3
1559117621.459139, 3
1559117621.475818, 1
1559117621.491863, 2
1559117621.508144, 2
1559117621.526783, 2
1559117621.544319, 3
1559117621.560852, 3
1559117621.577337, 3
1559117621.594062, 4
1559117621.610880, 3
1559117621.627166, 4
1559117621.643767, 5
1559117621.660571, 5
1559117621.677239, 6
1559117621.693438, 4
1559117621.710077, 6
1559117621.726858, 6
1559117621.744464, 6
1559117621.760126, 7
1559117621.776411, 8
1559117621.794011, 8
1559117621.811651, 8
1559117621.827148, 8
1559117621.843132, 8
1559117621.859725, 7
1559117621.884682, 9
1559117621.901596, 9
1559117621.920571, 8
1559117621.936749, 9
1559117621.953534, 10
1559117621.970385, 9
1559117621.986858, 9
1559117622.005231, 9
1559117622.021971, 9
1559117622.039371, 3
1559117622.056293, 3
1559117622.073828, 3
1559117622.090489, 2
1559117622.107829, 3
1559117622.125324, 4
1559117622.142921, 4
1559117622.161503, 4
1559117622.178106, 6
1559117622.195656, 6
1559117622.214052, 5
1559117622.232020, 5
1559117622.249543, 6
1559117622.265861, 5
1559117622.282923, 8
1559117622.299982, 7
1559117622.316558, 7
1559117622.333161, 6
1559117622.348815, 6
1559117622.365635, 8
1559117622.382461, 9
1559117622.399619, 8
1559117622.415608, 8
1559117622.431867, 8
1559117622.448728, 8
1559117622.465139, 10
1559117622.482639, 10
1559117622.499121, 9
1559117622.515729, 9
1559117622.533481, 8
1559117622.550298, 3
1559117622.567624, 2
1559117622.593707, 3
1559117622.612002, 2
1559117622.632957, 2
1559117622.650489, 3
1559117622.668347, 3
1559117622.685680, 3
1559117622.703673, 5
1559117622.720147, 3
1559117622.737377, 4
1559117622.754951, 5
1559117622.772653, 4
1559117622.789253, 5
1559117622.805135, 6
1559117622.821323, 6
1559117622.837089, 4
1559117622.853085, 6
1559117622.868886, 7
1559117622.887327, 7
1559117622.905098, 9
1559117622.922561, 8
1559117622.940357, 8
1559117622.957763, 8
1559117622.974619, 9
1559117622.991552, 9
1559117623.010445, 8
1559117623.026175, 10
1559117623.042078, 8
1559117623.060161, 8
1559117623.079178, 9
1559117623.097919, 9
1559117623.113497, 8
1559117623.130047, 2
1559117623.145799, 3
1559117623.162120, 2
1559117623.178301, 4
1559117623.197253, 4
1559117623.216095, 3
1559117623.235354, 3
1559117623.252244, 4
1559117623.268574, 3
1559117623.284653, 4
1559117623.309066, 5
1559117623.334679, 5
1559117623.353322, 5
1559117623.371983, 5
1559117623.390333, 8
1559117623.408458, 6
1559117623.426690, 5
1559117623.442198, 8
1559117623.459047, 6
1559117623.475875, 8
1559117623.491609, 8
1559117623.507175, 8
1559117623.522842, 8
1559117623.539199, 7
1559117623.555012, 10
1559117623.570777, 9
1559117623.587511, 10
1559117623.605163, 8
1559117623.624136, 7
1559117623.644830, 10
1559117623.662695, 8
1559117623.681883, 2
1559117623.702440, 1
1559117623.721996, 2
1559117623.739464, 4
1559117623.764807, 4
1559117623.783978, 2
1559117623.803414, 3
1559117623.820015, 4
1559117623.838077, 3
1559117623.855781, 4
1559117623.872497, 5
1559117623.889035, 5
1559117623.905466, 6
1559117623.923365, 4
1559117623.941655, 6
1559117623.961056, 6
1559117623.980082, 7
1559117624.016191, 8
1559117624.034872, 7
1559117624.052573, 8
1559117624.072532, 8
1559117624.090107, 9
1559117624.108638, 10
1559117624.126626, 8
1559117624.144939, 9
1559117624.163872, 8
1559117624.182150, 9
1559117624.199354, 9
1559117624.217855, 8
1559117624.235861, 9
1559117624.253705, 8
1559117624.274298, 10
1559117624.292498, 3
1559117624.311444, 3
1559117624.328972, 3
1559117624.346622, 3
1559117624.364210, 3
1559117624.381481, 2
1559117624.398540, 5
1559117624.415353, 4
1559117624.435773, 4
1559117624.453333, 4
1559117624.474443, 5
1559117624.493322, 4
1559117624.509862, 5
1559117624.526555, 6
1559117624.543018, 6
1559117624.559686, 6
1559117624.575206, 7
1559117624.591548, 7
1559117624.608171, 8
1559117624.623940, 7
1559117624.639729, 8
1559117624.658810, 7
1559117624.678179, 8
1559117624.698829, 10
1559117624.731097, 8
1559117624.752350, 9
1559117624.771480, 8
1559117624.788625, 3
1559117624.805913, 3
1559117624.823146, 2
1559117624.840276, 2
1559117624.856375, 2
1559117624.872442, 3
1559117624.888783, 2
1559117624.904221, 5
1559117624.920600, 4
1559117624.936245, 3
1559117624.951688, 4
1559117624.968417, 6
1559117624.984792, 4
1559117625.000393, 6
1559117625.017663, 6
1559117625.036191, 6
1559117625.054786, 7
1559117625.072092, 7
1559117625.089773, 7
1559117625.107405, 8
1559117625.124910, 7
1559117625.143444, 9
1559117625.161109, 7
1559117625.176770, 9
1559117625.193825, 7
1559117625.209683, 10
1559117625.226321, 7
1559117625.242863, 9
1559117625.263102, 8
1559117625.280614, 9
1559117625.295846, 9
1559117625.311425, 9
1559117625.326152, 7
1559117625.341914, 8
1559117625.358304, 6
1559117625.374927, 3
1559117625.391247, 2
1559117625.406742, 2
1559117625.434569, 2
1559117625.452736, 4
1559117625.470180, 3
1559117625.487966, 4
1559117625.506612, 5
1559117625.524401, 6
1559117625.540508, 5
1559117625.557052, 5
1559117625.573811, 5
1559117625.589263, 5
1559117625.605141, 5
1559117625.620887, 7
1559117625.636444, 7
1559117625.652445, 6
1559117625.668615, 6
1559117625.685234, 8
1559117625.702601, 7
1559117625.718719, 9
1559117625.735070, 7
1559117625.751560, 8
1559117625.771000, 8
1559117625.791573, 8
1559117625.809823, 8
1559117625.828572, 8
1559117625.847611, 8
1559117625.865930, 8
1559117625.884346, 3
1559117625.903607, 2
1559117625.923088, 2
1559117625.941616, 2
1559117625.960393, 4
1559117625.979046, 2
1559117625.998335, 2
1559117626.017756, 2
1559117626.037533, 5
1559117626.056000, 4
1559117626.074335, 4
1559117626.093648, 6
1559117626.110454, 5
1559117626.126602, 5
1559117626.143269, 5
1559117626.158945, 7
1559117626.175844, 6
1559117626.195069, 7
1559117626.214483, 8
1559117626.235002, 5
1559117626.256009, 9
1559117626.274986, 9
1559117626.293515, 9
1559117626.312421, 9
1559117626.331755, 9
1559117626.351177, 8
1559117626.369961, 8
1559117626.388619, 6
1559117626.406589, 3
1559117626.425214, 2
1559117626.442636, 4
1559117626.460478, 3
1559117626.478857, 2
1559117626.496835, 2
1559117626.517499, 4
1559117626.536876, 3
1559117626.556584, 4
1559117626.574908, 5
1559117626.592450, 4
1559117626.610820, 4
1559117626.630250, 5
1559117626.651887, 5
1559117626.671070, 5
1559117626.690834, 6
1559117626.708122, 5
1559117626.724086, 6
1559117626.740495, 8
1559117626.756053, 6
1559117626.772610, 8
1559117626.788205, 7
1559117626.804351, 9
1559117626.823732, 10
1559117626.841856, 8
1559117626.861444, 9
1559117626.880239, 9
1559117626.898786, 9
1559117626.918066, 10
1559117626.936950, 9
1559117626.955095, 9
1559117626.974694, 9
1559117626.994001, 5
1559117627.018531, 3
1559117627.036805, 2
1559117627.053319, 2
1559117627.070735, 2
1559117627.087415, 2
1559117627.103754, 3
1559117627.120109, 4
1559117627.139842, 3
1559117627.155519, 6
1559117627.172065, 4
1559117627.189689, 4
1559117627.206061, 5
1559117627.221672, 5
1559117627.238290, 6
1559117627.254954, 6
1559117627.271744, 6
1559117627.289119, 6
1559117627.306228, 7
1559117627.323997, 6
1559117627.340237, 8
1559117627.357108, 7
1559117627.372756, 8
1559117627.388653, 8
1559117627.404262, 8
1559117627.420504, 9
1559117627.436243, 9
1559117627.451885, 7
1559117627.466806, 9
1559117627.483267, 8
1559117627.498646, 7
1559117627.514304, 1
1559117627.529925, 4
1559117627.546586, 3
1559117627.563271, 1
1559117627.580067, 3
1559117627.596331, 3
1559117627.612659, 2
1559117627.629376, 4
1559117627.644689, 4
1559117627.663712, 4
1559117627.681132, 4
1559117627.699382, 6
1559117627.717524, 4
1559117627.737061, 5
1559117627.755547, 7
1559117627.773112, 5
1559117627.790599, 6
1559117627.807926, 8
1559117627.826483, 8
1559117627.845129, 8
1559117627.863981, 8
1559117627.881910, 8
1559117627.900412, 8
1559117627.918653, 8
1559117627.936692, 9
1559117627.955979, 8
1559117627.974731, 9
1559117627.994856, 9
1559117628.012690, 9
1559117628.030506, 9
1559117628.048663, 7
1559117628.071759, 9
1559117628.088984, 5
1559117628.107604, 3
1559117628.125573, 3
1559117628.144365, 2
1559117628.161971, 3
1559117628.181384, 4
1559117628.197828, 3
1559117628.213284, 4
1559117628.227988, 5
1559117628.243193, 5
1559117628.258902, 6
1559117628.274417, 5
1559117628.290045, 5
1559117628.305216, 5
1559117628.320310, 6
1559117628.336412, 7
1559117628.352479, 7
1559117628.368335, 6
1559117628.385517, 7
1559117628.403328, 7
1559117628.420184, 7
1559117628.437410, 9
1559117628.454081, 6
1559117628.470956, 8
1559117628.487329, 7
1559117628.503109, 8
1559117628.519773, 10
1559117628.535661, 9
1559117628.551208, 10
1559117628.567811, 8
1559117628.584377, 10
1559117628.600835, 8
1559117628.616268, 8
1559117628.632280, 9
1559117628.647807, 8
1559117628.663408, 3
1559117628.678847, 2
1559117628.695628, 2
1559117628.710542, 3
1559117628.726232, 2
1559117628.742881, 3
1559117628.758334, 3
1559117628.774013, 3
1559117628.788895, 5
1559117628.804240, 4
1559117628.819234, 5
1559117628.835622, 4
1559117628.853204, 8
1559117628.871837, 6
1559117628.888427, 5
1559117628.903806, 6
1559117628.919402, 6
1559117628.935109, 7
1559117628.951714, 7
1559117628.968255, 7
1559117628.984785, 7
1559117629.000727, 8
1559117629.016759, 8
1559117629.032214, 8
1559117629.047960, 8
1559117629.064485, 9
1559117629.079506, 10
1559117629.094780, 9
1559117629.110055, 9
1559117629.125638, 9
1559117629.141287, 9
1559117629.156831, 9
1559117629.172512, 9
1559117629.188205, 8
1559117629.203913, 8
1559117629.219631, 6
1559117629.238505, 3
1559117629.256518, 1
1559117629.277592, 2
1559117629.295763, 3
1559117629.310693, 3
1559117629.326351, 2
1559117629.341583, 3
1559117629.356571, 5
1559117629.371717, 3
1559117629.386290, 4
1559117629.401448, 4
1559117629.417062, 5
1559117629.432799, 5
1559117629.449394, 5
1559117629.466956, 8
1559117629.484395, 6
1559117629.501252, 6
1559117629.518545, 7
1559117629.535571, 6
1559117629.551948, 6
1559117629.568573, 8
1559117629.584049, 8
1559117629.600883, 7
1559117629.616776, 8
1559117629.632400, 8
1559117629.648107, 9
1559117629.666556, 9
1559117629.684694, 8
1559117629.703870, 9
1559117629.722193, 8
1559117629.740083, 4
1559117629.758403, 3
1559117629.776215, 1
1559117629.794468, 4
1559117629.812532, 2
1559117629.830535, 2
1559117629.849514, 4
1559117629.867799, 4
1559117629.885323, 3
1559117629.903367, 5
1559117629.922102, 5
1559117629.940394, 4
1559117629.958883, 4
1559117629.977806, 6
1559117629.996756, 5
1559117630.018611, 7
1559117630.038003, 6
1559117630.055781, 6
1559117630.073276, 9
1559117630.091250, 8
1559117630.109399, 8
1559117630.124829, 7
1559117630.140433, 8
1559117630.156278, 8
1559117630.172156, 9
1559117630.190036, 8
1559117630.208433, 7
1559117630.226805, 9
1559117630.244612, 7
1559117630.261833, 2
1559117630.279478, 2
1559117630.297364, 2
1559117630.314643, 2
1559117630.331275, 3
1559117630.347946, 2
1559117630.364770, 4
1559117630.381333, 5
1559117630.397567, 3
1559117630.413983, 4
1559117630.430472, 3
1559117630.446550, 5
1559117630.462778, 5
1559117630.478433, 6
1559117630.493999, 5
1559117630.509776, 5
1559117630.525294, 5
1559117630.541081, 6
1559117630.558471, 6
1559117630.575916, 9
1559117630.592747, 7
1559117630.611260, 7
1559117630.628057, 9
1559117630.644624, 8
1559117630.661111, 8
1559117630.676643, 9
1559117630.694229, 9
1559117630.710711, 8
1559117630.727726, 8
1559117630.743870, 8
1559117630.759606, 3
1559117630.774999, 2
1559117630.791105, 3
1559117630.806251, 1
1559117630.822197, 3
1559117630.838665, 3
1559117630.855117, 2
1559117630.872358, 4
1559117630.890966, 3
1559117630.910080, 4
1559117630.928355, 4
1559117630.946295, 4
1559117630.964148, 6
1559117630.982122, 4
1559117631.001504, 6
1559117631.020880, 7
1559117631.039245, 4
1559117631.056020, 6
1559117631.071358, 7
1559117631.088333, 7
1559117631.104538, 6
1559117631.120121, 8
1559117631.136095, 9
1559117631.152052, 7
1559117631.168063, 8
1559117631.184389, 9
1559117631.199930, 9
1559117631.215547, 8
1559117631.231038, 8
1559117631.246606, 9
1559117631.262118, 9
1559117631.277032, 10
1559117631.294549, 10
1559117631.312378, 8
1559117631.330815, 8
1559117631.350338, 2
1559117631.368905, 1
1559117631.387329, 2
1559117631.405071, 3
1559117631.423921, 3
1559117631.442125, 3
1559117631.461544, 4
1559117631.479657, 5
1559117631.497958, 4
1559117631.512683, 6
1559117631.538808, 4
1559117631.555305, 6
1559117631.573112, 5
1559117631.590625, 7
1559117631.606077, 6
1559117631.621719, 6
1559117631.639284, 7
1559117631.656110, 7
1559117631.673719, 8
1559117631.691094, 8
1559117631.707678, 8
1559117631.723357, 8
1559117631.738211, 9
1559117631.753482, 8
1559117631.770124, 9
1559117631.785630, 9
1559117631.801499, 9
1559117631.817256, 8
1559117631.833550, 7
1559117631.849275, 8
1559117631.865204, 2
1559117631.880320, 3
1559117631.898196, 1
1559117631.915916, 2
1559117631.935372, 4
1559117631.952150, 2
1559117631.971509, 4
1559117631.987852, 3
1559117632.004650, 3
1559117632.020989, 5
1559117632.038754, 5
1559117632.055199, 4
1559117632.070957, 5
1559117632.086719, 6
1559117632.102994, 6
1559117632.118821, 4
1559117632.135242, 6
1559117632.150816, 6
1559117632.166482, 7
1559117632.181398, 6
1559117632.196640, 8
1559117632.212732, 6
1559117632.228482, 6
1559117632.243968, 8
1559117632.259344, 8
1559117632.275019, 8
1559117632.290751, 9
1559117632.306324, 8
1559117632.321694, 7
1559117632.336970, 8
1559117632.352615, 8
1559117632.368205, 2
1559117632.385905, 3
1559117632.404730, 3
1559117632.422736, 3
1559117632.441254, 3
1559117632.459793, 2
1559117632.477685, 3
1559117632.493427, 5
1559117632.509681, 4
1559117632.525495, 4
1559117632.540405, 4
1559117632.555498, 4
1559117632.570378, 6
1559117632.586935, 6
1559117632.603252, 6
1559117632.618904, 5
1559117632.634626, 7
1559117632.651254, 6
1559117632.667099, 6
1559117632.682563, 6
1559117632.697923, 8
1559117632.714184, 6
1559117632.734216, 8
1559117632.753692, 8
1559117632.772918, 9
1559117632.792531, 9
1559117632.810369, 8
1559117632.828631, 6
1559117632.844415, 8
1559117632.865696, 4
1559117632.885072, 1
1559117632.900460, 3
1559117632.916220, 2
1559117632.931815, 2
1559117632.948087, 2
1559117632.963708, 2
1559117632.978524, 4
1559117632.995913, 5
1559117633.014397, 3
1559117633.032693, 4
1559117633.051557, 5
1559117633.070542, 3
1559117633.086255, 5
1559117633.101823, 7
1559117633.117415, 5
1559117633.133747, 6
1559117633.150240, 6
1559117633.165251, 7
1559117633.183361, 8
1559117633.199173, 7
1559117633.214977, 6
1559117633.230481, 7
1559117633.246233, 9
1559117633.261874, 8
1559117633.277345, 9
1559117633.293001, 9
1559117633.308939, 8
1559117633.324770, 8
1559117633.343008, 9
1559117633.362097, 7
1559117633.381311, 2
1559117633.398680, 1
1559117633.418341, 2
1559117633.438626, 2
1559117633.457440, 3
1559117633.476494, 4
1559117633.495175, 4
1559117633.512227, 3
1559117633.528822, 4
1559117633.544958, 3
1559117633.560669, 4
1559117633.576366, 4
1559117633.591938, 5
1559117633.607607, 6
1559117633.623553, 5
1559117633.640287, 7
1559117633.658676, 5
1559117633.677475, 7
1559117633.696907, 7
1559117633.715240, 6
1559117633.733293, 9
1559117633.751969, 8
1559117633.771761, 8
1559117633.791546, 8
1559117633.810959, 8
1559117633.829435, 8
1559117633.847831, 8
1559117633.867597, 7
1559117633.887689, 3
1559117633.906500, 1
1559117633.925067, 3
1559117633.941624, 2
1559117633.957835, 3
1559117633.975014, 4
1559117633.993394, 2
1559117634.018008, 4
1559117634.035593, 4
1559117634.052402, 4
1559117634.068817, 5
1559117634.085163, 3
1559117634.101420, 6
1559117634.117538, 6
1559117634.134593, 5
1559117634.150354, 6
1559117634.166094, 5
1559117634.181375, 6
1559117634.196864, 8
1559117634.211863, 8
1559117634.227943, 7
1559117634.243319, 8
1559117634.259172, 8
1559117634.274683, 8
1559117634.291381, 8
1559117634.306887, 9
1559117634.322542, 8
1559117634.338669, 6
1559117634.355243, 8
1559117634.372085, 8
1559117634.388842, 3
1559117634.407385, 3
1559117634.425643, 2
1559117634.443400, 3
1559117634.462743, 2
1559117634.481283, 3
1559117634.500234, 2
1559117634.519382, 3
1559117634.537430, 5
1559117634.554989, 4
1559117634.572007, 5
1559117634.590160, 6
1559117634.606355, 6
1559117634.623399, 6
1559117634.640917, 7
1559117634.658616, 6
1559117634.676593, 7
1559117634.696146, 7
1559117634.714648, 8
1559117634.734261, 8
1559117634.751947, 9
1559117634.769361, 8
1559117634.788382, 9
1559117634.806492, 9
1559117634.825716, 9
1559117634.844500, 9
1559117634.863780, 10
1559117634.882322, 8
1559117634.898897, 9
1559117634.915367, 9
1559117634.932417, 8
1559117634.949809, 8
1559117634.967334, 7
1559117634.984683, 3
1559117635.002239, 1
1559117635.018803, 4
1559117635.035107, 3
1559117635.050984, 2
1559117635.070478, 3
1559117635.088724, 4
1559117635.107312, 4
1559117635.125880, 5
1559117635.144619, 6
1559117635.163140, 5
1559117635.182506, 6
1559117635.201026, 7
1559117635.218807, 7
1559117635.238672, 7
1559117635.256680, 8
1559117635.276627, 7
1559117635.296031, 7
1559117635.315038, 9
1559117635.336490, 7
1559117635.353404, 9
1559117635.369674, 8
1559117635.386256, 7
1559117635.402020, 8
1559117635.418421, 10
1559117635.435260, 9
1559117635.450178, 9
1559117635.466304, 9
1559117635.482012, 9
1559117635.497601, 8
1559117635.513139, 9
1559117635.528839, 10
1559117635.544490, 3
1559117635.560191, 2
1559117635.575724, 1
1559117635.591205, 2
1559117635.605894, 1
1559117635.621462, 2
1559117635.636172, 1
1559117635.651872, 3
1559117635.667401, 0
1559117635.682986, 1
1559117635.698619, 3
1559117635.714305, 2
1559117635.730896, 0
1559117635.748964, 1
1559117635.780052, 2
1559117635.796203, 3
1559117635.811924, 3
1559117635.827522, 2
1559117635.842764, 2
1559117635.858337, 2
1559117635.873930, 3
1559117635.889629, 2
1559117635.906136, 5
1559117635.924856, 4
1559117635.940307, 4
1559117635.955239, 4
1559117635.970555, 4
1559117635.987541, 6
1559117636.015811, 7
1559117636.033987, 7
1559117636.050739, 7
1559117636.068202, 5
1559117636.085146, 7
1559117636.102435, 6
1559117636.118997, 7
1559117636.134683, 8
1559117636.150265, 8
1559117636.165858, 7
1559117636.181422, 8
1559117636.197141, 8
1559117636.212835, 8
1559117636.228554, 10
1559117636.243923, 9
1559117636.259815, 7
1559117636.275159, 8
1559117636.291782, 7
1559117636.308289, 3
1559117636.323998, 3
1559117636.338712, 3
1559117636.355224, 3
1559117636.370873, 3
1559117636.389281, 2
1559117636.407184, 2
1559117636.422654, 5
1559117636.438452, 3
1559117636.453827, 5
1559117636.472649, 4
1559117636.491914, 4
1559117636.510514, 5
1559117636.528183, 7
1559117636.546264, 5
1559117636.562166, 7
1559117636.578398, 6
1559117636.593894, 7
1559117636.609672, 6
1559117636.625264, 9
1559117636.643320, 7
1559117636.662164, 8
1559117636.679065, 8
1559117636.697979, 8
1559117636.716130, 9
1559117636.735627, 10
1559117636.754190, 7
1559117636.772695, 9
1559117636.790888, 8
1559117636.808868, 2
1559117636.826520, 3
1559117636.844056, 1
1559117636.863283, 4
1559117636.880715, 2
1559117636.899227, 2
1559117636.915921, 2
1559117636.931384, 4
1559117636.947523, 3
1559117636.963057, 3
1559117636.978873, 4
1559117636.994342, 4
1559117637.013800, 6
1559117637.028908, 5
1559117637.044536, 5
1559117637.060478, 5
1559117637.075888, 6
1559117637.091405, 5
1559117637.108297, 5
1559117637.125177, 8
1559117637.142985, 8
1559117637.160720, 8
1559117637.178513, 8
1559117637.195015, 8
1559117637.212076, 9
1559117637.230125, 9
1559117637.247843, 8
1559117637.265796, 8
1559117637.282095, 9
1559117637.298470, 6
1559117637.318078, 4
1559117637.337740, 1
1559117637.355882, 3
1559117637.373819, 2
1559117637.392343, 2
1559117637.410729, 3
1559117637.428652, 3
1559117637.446145, 3
1559117637.464400, 4
1559117637.482990, 2
1559117637.499792, 4
1559117637.516302, 5
1559117637.532101, 5
1559117637.547752, 7
1559117637.562952, 5
1559117637.578661, 6
1559117637.594204, 5
1559117637.610101, 6
1559117637.626611, 8
1559117637.644459, 8
1559117637.663645, 7
1559117637.683697, 8
1559117637.702819, 9
1559117637.721485, 9
1559117637.739759, 10
1559117637.758304, 8
1559117637.776176, 9
1559117637.793393, 8
1559117637.812096, 3
1559117637.830409, 2
1559117637.850203, 4
1559117637.868690, 2
1559117637.884398, 2
1559117637.899933, 1
1559117637.915962, 3
1559117637.933079, 2
1559117637.948507, 5
1559117637.964125, 4
1559117637.979519, 4
1559117637.995175, 4
1559117638.011012, 5
1559117638.026574, 5
1559117638.042602, 7
1559117638.059313, 5
1559117638.075621, 7
1559117638.092159, 6
1559117638.111864, 7
1559117638.130591, 8
1559117638.148858, 8
1559117638.166849, 7
1559117638.185211, 9
1559117638.204241, 7
1559117638.222964, 7
1559117638.239715, 8
1559117638.257165, 9
1559117638.273066, 8
1559117638.289410, 9
1559117638.306071, 8
1559117638.321507, 9
1559117638.337441, 8
1559117638.353232, 10
1559117638.369865, 9
1559117638.384605, 10
1559117638.402379, 6
1559117638.420604, 3
1559117638.438268, 1
1559117638.453756, 3
1559117638.468970, 2
1559117638.484652, 1
1559117638.501314, 4
1559117638.517793, 4
1559117638.533468, 3
1559117638.549309, 5
1559117638.565752, 5
1559117638.581341, 5
1559117638.596972, 5
1559117638.611936, 5
1559117638.627206, 6
1559117638.642903, 5
1559117638.657930, 7
1559117638.674109, 7
1559117638.689808, 7
1559117638.708429, 8
1559117638.726254, 7
1559117638.744269, 8
1559117638.761720, 9
1559117638.780901, 9
1559117638.799772, 7
1559117638.815718, 9
1559117638.832077, 9
1559117638.848738, 9
1559117638.867283, 7
1559117638.883730, 7
1559117638.899248, 9
1559117638.914948, 8
1559117638.931087, 1
1559117638.947099, 3
1559117638.962149, 3
1559117638.977368, 1
1559117638.993160, 1
1559117639.015828, 4
1559117639.033147, 3
1559117639.051591, 4
1559117639.067830, 3
1559117639.083839, 4
1559117639.101465, 4
1559117639.116283, 4
1559117639.132649, 5
1559117639.148630, 5
1559117639.164750, 5
1559117639.179990, 6
1559117639.195581, 5
1559117639.210481, 6
1559117639.225804, 6
1559117639.241564, 7
1559117639.259261, 7
1559117639.278155, 7
1559117639.297769, 8
1559117639.317497, 7
1559117639.336102, 8
1559117639.354295, 9
1559117639.372584, 7
1559117639.388523, 8
1559117639.404882, 9
1559117639.421285, 7
1559117639.436386, 3
1559117639.452402, 2
1559117639.468031, 1
1559117639.483631, 2
1559117639.499319, 2
1559117639.514804, 3
1559117639.530481, 3
1559117639.546642, 3
1559117639.562152, 3
1559117639.577817, 4
1559117639.592548, 4
1559117639.608999, 5
1559117639.624829, 6
1559117639.640322, 5
1559117639.656826, 6
1559117639.672763, 7
1559117639.688607, 7
1559117639.704923, 6
1559117639.719811, 6
1559117639.736230, 7
1559117639.751847, 8
1559117639.768165, 8
1559117639.783839, 8
1559117639.800580, 8
1559117639.817110, 7
1559117639.832519, 8
1559117639.851705, 8
1559117639.870184, 8
1559117639.888374, 9
1559117639.906345, 9
1559117639.924860, 10
1559117639.943523, 9
1559117639.962293, 9
1559117639.982131, 8
1559117640.002704, 9
1559117640.035065, 4
1559117640.052698, 1
1559117640.069331, 2
1559117640.086199, 5
1559117640.115798, 3
1559117640.132743, 3
1559117640.149317, 4
1559117640.164995, 5
1559117640.180670, 5
1559117640.196161, 5
1559117640.211862, 4
1559117640.227709, 5
1559117640.243022, 5
1559117640.258867, 6
1559117640.274291, 5
1559117640.290027, 6
1559117640.306560, 6
1559117640.322150, 7
1559117640.337780, 6
1559117640.352844, 7
1559117640.369460, 8
1559117640.385910, 7
1559117640.403712, 9
1559117640.421155, 8
1559117640.438752, 8
1559117640.455680, 10
1559117640.472542, 10
1559117640.489137, 8
1559117640.504197, 8
1559117640.519668, 7
1559117640.536212, 2
1559117640.552621, 1
1559117640.568537, 2
1559117640.584917, 3
1559117640.601407, 2
1559117640.616365, 3
1559117640.632637, 3
1559117640.648384, 3
1559117640.666031, 5
1559117640.683833, 5
1559117640.701147, 4
1559117640.719057, 5
1559117640.738205, 5
1559117640.756793, 5
1559117640.775768, 5
1559117640.793784, 6
1559117640.810550, 5
1559117640.826201, 7
1559117640.842572, 7
1559117640.859865, 7
1559117640.876313, 7
1559117640.892257, 7
1559117640.907957, 8
1559117640.924199, 8
1559117640.940766, 7
1559117640.956812, 8
1559117640.973552, 9
1559117640.991814, 7
1559117641.015581, 8
1559117641.032328, 4
1559117641.049649, 2
1559117641.067129, 2
1559117641.085869, 3
1559117641.103594, 2
1559117641.120818, 2
1559117641.137649, 3
1559117641.154306, 3
1559117641.171908, 4
1559117641.190397, 4
1559117641.208332, 3
1559117641.226595, 4
1559117641.242854, 5
1559117641.260195, 4
1559117641.276886, 5
1559117641.295568, 6
1559117641.313039, 6
1559117641.329436, 6
1559117641.345175, 8
1559117641.364259, 8
1559117641.381297, 8
1559117641.397902, 7
1559117641.414969, 8
1559117641.438579, 9
1559117641.455907, 8
1559117641.474215, 9
1559117641.492831, 6
1559117641.509587, 9
1559117641.538208, 7
1559117641.558088, 3
1559117641.577898, 1
1559117641.596238, 2
1559117641.613849, 3
1559117641.630374, 1
1559117641.646256, 1
1559117641.663021, 0
1559117641.679971, 1
1559117641.697633, 2
1559117641.714868, 2
1559117641.732521, 3
1559117641.749073, 0
1559117641.765105, 2
1559117641.783712, 2
1559117641.807099, 1
1559117641.832540, 2
1559117641.860149, 3
1559117641.885175, 2
1559117641.907357, 3
1559117641.938647, 3
1559117641.966921, 6
1559117641.993442, 4
1559117642.023812, 5
1559117642.048472, 4
1559117642.076598, 7
1559117642.100352, 7
1559117642.123068, 8
1559117642.153219, 7
1559117642.180522, 8
1559117642.208936, 9
1559117642.233191, 10
1559117642.257639, 8
1559117642.281101, 9
1559117642.307591, 7
1559117642.333140, 9
1559117642.360054, 2
1559117642.386095, 1
1559117642.410581, 2
1559117642.435357, 3
1559117642.461271, 3
1559117642.484757, 3
1559117642.513027, 4
1559117642.537414, 4
1559117642.560992, 4
1559117642.585027, 7
1559117642.607937, 6
1559117642.633701, 7
1559117642.658313, 5
1559117642.678746, 7
1559117642.695147, 6
1559117642.711779, 7
1559117642.727360, 7
1559117642.742020, 7
1559117642.757555, 8
1559117642.772223, 8
1559117642.788035, 9
1559117642.802994, 8
1559117642.819175, 9
1559117642.835806, 8
1559117642.851654, 9
1559117642.868363, 10
1559117642.885805, 9
1559117642.902385, 9
1559117642.918833, 10
1559117642.935884, 8
1559117642.952550, 6
1559117642.968090, 2
1559117642.987436, 2
1559117643.011045, 3
1559117643.032062, 3
1559117643.056195, 4
1559117643.078082, 5
1559117643.100276, 3
1559117643.120980, 5
1559117643.144702, 5
1559117643.169773, 6
1559117643.195357, 7
1559117643.217033, 6
1559117643.240010, 6
1559117643.261098, 8
1559117643.282588, 8
1559117643.306805, 9
1559117643.327901, 7
1559117643.348374, 9
1559117643.371131, 8
1559117643.395212, 8
1559117643.416160, 9
1559117643.437707, 7
1559117643.458880, 2
1559117643.483301, 3
1559117643.507874, 3
1559117643.531810, 2
1559117643.555661, 4
1559117643.579117, 4
1559117643.604862, 3
1559117643.628746, 4
1559117643.646528, 5
1559117643.665557, 5
1559117643.682350, 5
1559117643.700155, 7
1559117643.717841, 6
1559117643.736436, 6
1559117643.754782, 6
1559117643.774068, 6
1559117643.792426, 8
1559117643.810145, 8
1559117643.828566, 7
1559117643.847593, 7
1559117643.864540, 8
1559117643.882198, 9
1559117643.901540, 9
1559117643.920050, 8
1559117643.937637, 9
1559117643.954656, 10
1559117643.971951, 9
1559117643.991588, 10
1559117644.009440, 10
1559117644.026005, 8
1559117644.044019, 5
1559117644.060752, 6
1559117644.078043, 2
1559117644.094744, 4
1559117644.113710, 2
1559117644.136310, 4
1559117644.160738, 4
1559117644.186068, 6
1559117644.212186, 4
1559117644.237755, 5
1559117644.265579, 5
1559117644.293232, 5
1559117644.325789, 6
1559117644.353232, 7
1559117644.381266, 7
1559117644.400476, 9
1559117644.421059, 8
1559117644.444900, 7
1559117644.467921, 9
1559117644.492272, 9
1559117644.516240, 9
1559117644.539078, 7
1559117644.560936, 9
1559117644.586369, 3
1559117644.615048, 4
1559117644.636848, 3
1559117644.663044, 3
1559117644.695984, 4
1559117644.723348, 4
1559117644.753164, 5
1559117644.781688, 5
1559117644.815154, 5
1559117644.844812, 6
1559117644.863209, 5
1559117644.881586, 6
1559117644.899001, 8
1559117644.917545, 5
1559117644.934432, 6
1559117644.950781, 8
1559117644.967399, 7
1559117644.985064, 8
1559117645.005557, 9
1559117645.023530, 8
1559117645.039883, 9
1559117645.056692, 9
1559117645.073050, 9
1559117645.089661, 10
1559117645.106020, 8
1559117645.124168, 7
1559117645.146042, 8
1559117645.169441, 2
1559117645.191883, 2
1559117645.214860, 3
1559117645.239825, 3
1559117645.261921, 2
1559117645.284368, 4
1559117645.310947, 3
1559117645.337059, 4
1559117645.362342, 5
1559117645.390230, 6
1559117645.411989, 5
1559117645.435200, 6
1559117645.459060, 6
1559117645.481036, 6
1559117645.505528, 9
1559117645.528677, 7
1559117645.556908, 8
1559117645.583828, 9
1559117645.607951, 8
1559117645.635605, 9
1559117645.657997, 9
1559117645.682673, 8
1559117645.704322, 10
1559117645.727863, 8
1559117645.749728, 8
1559117645.773915, 3
1559117645.799102, 4
1559117645.823971, 3
1559117645.846661, 4
1559117645.871896, 3
1559117645.897078, 4
1559117645.920599, 4
1559117645.941803, 6
1559117645.969429, 5
1559117645.998564, 6
1559117646.038478, 5
1559117646.057405, 6
1559117646.075000, 7
1559117646.090644, 6
1559117646.106355, 7
1559117646.121913, 10
1559117646.137253, 6
1559117646.154153, 7
1559117646.182911, 8
1559117646.208547, 9
1559117646.240328, 8
1559117646.264202, 9
1559117646.290074, 2
1559117646.319739, 3
1559117646.346013, 4
1559117646.375398, 3
1559117646.402085, 4
1559117646.427799, 4
1559117646.455966, 4
1559117646.483148, 5
1559117646.507752, 5
1559117646.535048, 5
1559117646.576507, 8
1559117646.603286, 7
1559117646.628528, 8
1559117646.653011, 8
1559117646.679706, 9
1559117646.702210, 8
1559117646.726791, 10
1559117646.751913, 8
1559117646.777676, 8
1559117646.801658, 6
1559117646.818113, 3
1559117646.835294, 3
1559117646.852532, 1
1559117646.870836, 2
1559117646.887316, 2
1559117646.903072, 1
1559117646.920059, 3
1559117646.936409, 4
1559117646.952197, 4
1559117646.969503, 5
1559117646.996964, 4
1559117647.029942, 4
1559117647.059027, 6
1559117647.087212, 6
1559117647.120950, 8
1559117647.146069, 7
1559117647.166114, 7
1559117647.194985, 8
1559117647.214778, 6
1559117647.231170, 9
1559117647.245899, 8
1559117647.270175, 8
1559117647.291918, 8
1559117647.313679, 2
1559117647.339179, 2
1559117647.364292, 3
1559117647.387909, 4
1559117647.409623, 3
1559117647.440323, 3
1559117647.466452, 4
1559117647.493391, 4
1559117647.516377, 4
1559117647.543104, 6
1559117647.567397, 6
1559117647.592322, 6
1559117647.617041, 5
1559117647.639988, 9
1559117647.664788, 7
1559117647.686740, 9
1559117647.711278, 7
1559117647.735825, 9
1559117647.763356, 9
1559117647.789236, 8
1559117647.811965, 9
1559117647.839763, 9
1559117647.866732, 8
1559117647.893703, 2
1559117647.917499, 2
1559117647.941468, 3
1559117647.965651, 2
1559117647.991893, 4
1559117648.022021, 4
1559117648.045565, 4
1559117648.070477, 4
1559117648.098247, 4
1559117648.128655, 6
1559117648.152301, 6
1559117648.176812, 6
1559117648.203373, 8
1559117648.226200, 7
1559117648.251747, 8
1559117648.276659, 8
1559117648.302673, 9
1559117648.329803, 9
1559117648.356517, 10
1559117648.381027, 9
1559117648.407517, 9
1559117648.433002, 9
1559117648.455845, 9
1559117648.480227, 8
1559117648.502666, 4
1559117648.528493, 4
1559117648.552971, 5
1559117648.575768, 3
1559117648.597084, 3
1559117648.620236, 4
1559117648.646018, 6
1559117648.670365, 5
1559117648.693236, 5
1559117648.715752, 6
1559117648.742277, 7
1559117648.764214, 7
1559117648.786788, 7
1559117648.808997, 7
1559117648.832591, 7
1559117648.856627, 8
1559117648.880356, 9
1559117648.902607, 8
1559117648.930913, 10
1559117648.955835, 9
1559117648.978534, 8
1559117649.006326, 9
1559117649.028595, 3
1559117649.054944, 2
1559117649.081814, 5
1559117649.105252, 4
1559117649.126973, 3
1559117649.153109, 4
1559117649.178806, 4
1559117649.202118, 5
1559117649.224778, 5
1559117649.248080, 7
1559117649.271153, 6
1559117649.300725, 6
1559117649.323876, 6
1559117649.345037, 7
1559117649.367807, 8
1559117649.391595, 7
1559117649.413981, 7
1559117649.439201, 8
1559117649.463710, 8
1559117649.491958, 10
1559117649.518017, 9
1559117649.543425, 9
1559117649.568873, 7
1559117649.592565, 9
1559117649.621624, 4
1559117649.651879, 3
1559117649.678075, 4
1559117649.700712, 3
1559117649.725404, 5
1559117649.747848, 3
1559117649.771191, 4
1559117649.794054, 5
1559117649.816480, 5
1559117649.844541, 6
1559117649.872927, 6
1559117649.898485, 6
1559117649.923912, 7
1559117649.949539, 7
1559117649.972622, 7
1559117649.998900, 6
1559117650.035165, 8
1559117650.062050, 8
1559117650.086616, 9
1559117650.114019, 10
1559117650.136247, 9
1559117650.161144, 10
1559117650.187082, 9
1559117650.212982, 6
1559117650.235995, 7
1559117650.258774, 5
1559117650.286281, 5
1559117650.310229, 4
1559117650.337043, 4
1559117650.361383, 6
1559117650.389778, 5
1559117650.414974, 5
1559117650.439287, 5
1559117650.463830, 6
1559117650.491768, 6
1559117650.517871, 6
1559117650.542650, 7
1559117650.567787, 8
1559117650.593278, 8
1559117650.617797, 8
1559117650.642952, 8
1559117650.668843, 8
1559117650.696536, 9
1559117650.724210, 9
1559117650.752353, 8
1559117650.780550, 9
1559117650.802569, 4
1559117650.820580, 5
1559117650.837169, 3
1559117650.852376, 2
1559117650.868175, 2
1559117650.885029, 3
1559117650.909008, 2
1559117650.934245, 3
1559117650.958558, 4
1559117650.983346, 6
1559117651.020009, 5
1559117651.052940, 7
1559117651.077277, 7
1559117651.100011, 7
1559117651.125526, 7
1559117651.150991, 7
1559117651.177373, 9
1559117651.201093, 8
1559117651.226108, 8
1559117651.251453, 9
1559117651.276507, 9
1559117651.299796, 9
1559117651.326161, 10
1559117651.349040, 3
1559117651.375936, 3
1559117651.399434, 3
1559117651.424485, 4
1559117651.446551, 4
1559117651.470787, 3
1559117651.494924, 3
1559117651.517963, 4
1559117651.552394, 4
1559117651.579543, 4
1559117651.608360, 5
1559117651.634853, 6
1559117651.659783, 7
1559117651.684905, 8
1559117651.712301, 7
1559117651.739038, 8
1559117651.760923, 8
1559117651.784873, 9
1559117651.812885, 7
1559117651.838953, 8
1559117651.866822, 2
1559117651.892214, 4
1559117651.918926, 4
1559117651.946298, 3
1559117651.972598, 4
1559117651.999636, 2
1559117652.026115, 5
1559117652.047454, 4
1559117652.065882, 5
1559117652.084194, 6
1559117652.102689, 5
1559117652.124715, 6
1559117652.151891, 6
1559117652.177386, 8
1559117652.201174, 7
1559117652.223794, 8
1559117652.252450, 8
1559117652.276965, 9
1559117652.300679, 9
1559117652.323331, 9
1559117652.353955, 9
1559117652.379110, 10
1559117652.404142, 9
1559117652.429336, 9
1559117652.454075, 7
1559117652.479395, 4
1559117652.504105, 2
1559117652.529240, 3
1559117652.552633, 4
1559117652.577713, 5
1559117652.600099, 3
1559117652.624182, 4
1559117652.645929, 5
1559117652.668956, 4
1559117652.695927, 7
1559117652.719376, 6
1559117652.745645, 7
1559117652.769559, 6
1559117652.797244, 8
1559117652.821028, 7
1559117652.843966, 8
1559117652.867888, 7
1559117652.890924, 9
1559117652.915409, 8
1559117652.940806, 8
1559117652.963828, 6
1559117652.988503, 2
1559117653.028798, 4
1559117653.055023, 5
1559117653.081578, 3
1559117653.109062, 3
1559117653.127846, 4
1559117653.145170, 4
1559117653.162518, 5
1559117653.180073, 5
1559117653.196694, 6
1559117653.214317, 5
1559117653.229906, 5
1559117653.245662, 7
1559117653.269941, 5
1559117653.293515, 7
1559117653.318245, 7
1559117653.345622, 8
1559117653.368309, 9
1559117653.392283, 9
1559117653.414198, 9
1559117653.446884, 8
1559117653.469571, 8
1559117653.493915, 3
1559117653.519747, 3
1559117653.544569, 5
1559117653.571926, 3
1559117653.594305, 4
1559117653.618696, 4
1559117653.644002, 3
1559117653.671437, 5
1559117653.697535, 5
1559117653.722242, 6
1559117653.748286, 5
1559117653.776715, 6
1559117653.803238, 6
1559117653.827880, 6
1559117653.852693, 7
1559117653.871166, 8
1559117653.888894, 8
1559117653.906591, 9
1559117653.926230, 9
1559117653.945079, 8
1559117653.962363, 8
1559117653.980087, 8
1559117654.000341, 4
1559117654.019971, 4
1559117654.038227, 1
1559117654.059218, 1
1559117654.081448, 3
1559117654.112463, 5
1559117654.136270, 4
1559117654.159914, 4
1559117654.184731, 4
1559117654.212023, 6
1559117654.239679, 6
1559117654.265315, 6
1559117654.290653, 6
1559117654.315741, 9
1559117654.341300, 6
1559117654.361869, 7
1559117654.378399, 8
1559117654.394110, 8
1559117654.409181, 7
1559117654.426062, 9
1559117654.445666, 8
1559117654.469524, 7
1559117654.494192, 8
1559117654.518331, 3
1559117654.547170, 1
1559117654.571835, 3
1559117654.593925, 3
1559117654.617401, 4
1559117654.641521, 4
1559117654.664870, 4
1559117654.688734, 5
1559117654.713517, 5
1559117654.738412, 5
1559117654.765045, 6
1559117654.789449, 6
1559117654.812200, 7
1559117654.836813, 7
1559117654.864177, 8
1559117654.887261, 8
1559117654.910686, 9
1559117654.935328, 10
1559117654.958692, 8
1559117654.986026, 9
1559117655.012870, 9
1559117655.036341, 9
1559117655.061999, 9
1559117655.087353, 9
1559117655.113560, 2
1559117655.138595, 3
1559117655.160531, 3
1559117655.186308, 3
1559117655.211229, 3
1559117655.236149, 4
1559117655.259127, 4
1559117655.281539, 4
1559117655.309695, 6
1559117655.334100, 7
1559117655.361851, 6
1559117655.392672, 7
1559117655.421711, 9
1559117655.456117, 8
1559117655.482270, 9
1559117655.501520, 8
1559117655.519100, 7
1559117655.535737, 9
1559117655.551349, 9
1559117655.568937, 7
1559117655.585838, 9
1559117655.604250, 3
1559117655.628415, 4
1559117655.651303, 3
1559117655.674369, 3
1559117655.696148, 3
1559117655.718313, 3
1559117655.748449, 3
1559117655.772717, 4
1559117655.797900, 4
1559117655.822246, 6
1559117655.846216, 6
1559117655.871128, 7
1559117655.895704, 6
1559117655.920702, 6
1559117655.944202, 8
1559117655.969931, 7
1559117655.997242, 8
1559117656.021826, 10
1559117656.055942, 7
1559117656.083741, 8
1559117656.109266, 8
1559117656.133702, 3
1559117656.163329, 1
1559117656.190750, 2
1559117656.213488, 2
1559117656.238405, 4
1559117656.260313, 3
1559117656.284103, 4
1559117656.308224, 4
1559117656.330352, 6
1559117656.353040, 4
1559117656.375241, 5
1559117656.403040, 5
1559117656.427203, 6
1559117656.449553, 8
1559117656.474915, 7
1559117656.497303, 8
1559117656.524533, 9
1559117656.550962, 10
1559117656.576200, 8
1559117656.600612, 9
1559117656.628580, 2
1559117656.653275, 2
1559117656.679832, 2
1559117656.705379, 3
1559117656.732179, 4
1559117656.756805, 4
1559117656.778618, 3
1559117656.804437, 4
1559117656.827071, 4
1559117656.853965, 6
1559117656.876862, 6
1559117656.899718, 6
1559117656.925150, 6
1559117656.951992, 8
1559117656.975885, 8
1559117657.002988, 9
1559117657.032235, 6
1559117657.058529, 8
1559117657.082528, 2
1559117657.111973, 3
1559117657.135974, 3
1559117657.163275, 3
1559117657.192137, 3
1559117657.219574, 3
1559117657.246234, 5
1559117657.272196, 5
1559117657.291304, 5
1559117657.310705, 4
1559117657.330746, 5
1559117657.350396, 7
1559117657.371345, 6
1559117657.390834, 6
1559117657.410898, 7
1559117657.431432, 7
1559117657.451682, 8
1559117657.469909, 7
1559117657.491704, 7
1559117657.510525, 8
1559117657.530979, 8
1559117657.552238, 9
1559117657.571908, 10
1559117657.591597, 9
1559117657.611003, 8
1559117657.631467, 5
1559117657.650938, 3
1559117657.671584, 2
1559117657.691807, 4
1559117657.712333, 2
1559117657.731318, 2
1559117657.751033, 3
1559117657.772175, 3
1559117657.793487, 4
1559117657.817502, 6
1559117657.838249, 5
1559117657.855770, 6
1559117657.872480, 6
1559117657.888645, 4
1559117657.904154, 6
1559117657.920231, 6
1559117657.936917, 7
1559117657.952432, 6
1559117657.967641, 9
1559117657.983982, 6
1559117658.000276, 7
1559117658.016001, 7
1559117658.032133, 9
1559117658.049140, 7
1559117658.064789, 9
1559117658.080602, 8
1559117658.096473, 8
1559117658.112717, 9
1559117658.129363, 9
1559117658.146041, 2
1559117658.161557, 4
1559117658.177206, 2
1559117658.192749, 2
1559117658.208675, 2
1559117658.225475, 2
1559117658.241098, 3
1559117658.256111, 4
1559117658.272174, 4
1559117658.289935, 2
1559117658.305412, 4
1559117658.320597, 5
1559117658.336581, 4
1559117658.352206, 5
1559117658.369779, 6
1559117658.386469, 5
1559117658.404283, 5
1559117658.421847, 6
1559117658.438860, 7
1559117658.456765, 7
1559117658.475271, 8
1559117658.492838, 5
1559117658.509531, 8
1559117658.527604, 9
1559117658.546504, 8
1559117658.564189, 9
1559117658.582648, 9
1559117658.600399, 8
1559117658.618181, 9
1559117658.636025, 9
1559117658.652656, 2
1559117658.669130, 3
1559117658.686241, 2
1559117658.709349, 3
1559117658.733355, 3
1559117658.756166, 3
1559117658.777919, 3
1559117658.803394, 5
1559117658.826877, 4
1559117658.852438, 6
1559117658.876127, 5
1559117658.900301, 6
1559117658.925871, 5
1559117658.952925, 6
1559117658.978010, 7
1559117659.005790, 7
1559117659.035590, 9
1559117659.054794, 8
1559117659.071302, 9
1559117659.088639, 8
1559117659.113292, 7
1559117659.138921, 8
1559117659.162385, 5
1559117659.186798, 3
1559117659.211871, 4
1559117659.236847, 4
1559117659.262403, 5
1559117659.285525, 2
1559117659.310026, 3
1559117659.333446, 5
1559117659.358385, 5
1559117659.384222, 5
1559117659.406083, 5
1559117659.428802, 6
1559117659.451045, 6
1559117659.477182, 8
1559117659.504019, 7
1559117659.530832, 7
1559117659.557149, 8
1559117659.582242, 9
1559117659.605598, 9
1559117659.627094, 8
1559117659.652179, 9
1559117659.677204, 9
1559117659.701752, 9
1559117659.724915, 9
1559117659.748642, 7
1559117659.772246, 2
1559117659.801345, 4
1559117659.824547, 4
1559117659.847936, 2
1559117659.870810, 4
1559117659.895859, 4
1559117659.922483, 4
1559117659.946482, 5
1559117659.969454, 6
1559117659.995949, 6
1559117660.027100, 5
1559117660.052139, 7
1559117660.076311, 9
1559117660.100005, 8
1559117660.126536, 7
1559117660.152081, 8
1559117660.177679, 10
1559117660.203609, 10
1559117660.228593, 8
1559117660.254237, 9
1559117660.280255, 10
1559117660.304770, 8
1559117660.328078, 1
1559117660.352318, 2
1559117660.378818, 5
1559117660.405609, 4
1559117660.429223, 4
1559117660.454585, 4
1559117660.481123, 3
1559117660.506297, 5
1559117660.530194, 5
1559117660.550732, 4
1559117660.566339, 5
1559117660.590347, 6
1559117660.616994, 6
1559117660.641944, 6
1559117660.669724, 7
1559117660.694217, 7
1559117660.718531, 8
1559117660.744510, 9
1559117660.775157, 9
1559117660.803386, 8
1559117660.830408, 8
1559117660.855982, 8
1559117660.895452, 3
1559117660.924811, 5
1559117660.942310, 3
1559117660.958993, 2
1559117660.975838, 3
1559117660.993193, 3
1559117661.012714, 4
1559117661.028160, 4
1559117661.043103, 5
1559117661.065698, 5
1559117661.089693, 5
1559117661.115161, 6
1559117661.137700, 6
1559117661.159905, 6
1559117661.183050, 8
1559117661.207708, 6
1559117661.231359, 7
1559117661.254360, 8
1559117661.279903, 9
1559117661.306839, 8
1559117661.334839, 9
1559117661.363886, 9
1559117661.389372, 9
1559117661.405910, 10
1559117661.423521, 6
1559117661.439272, 7
1559117661.454889, 2
1559117661.478396, 2
1559117661.499816, 3
1559117661.529056, 2
1559117661.561555, 3
1559117661.593278, 3
1559117661.620579, 5
1559117661.648245, 4
1559117661.671046, 4
1559117661.687860, 5
1559117661.704203, 6
1559117661.719370, 6
1559117661.735601, 5
1559117661.755089, 6
1559117661.777693, 6
1559117661.803018, 7
1559117661.825565, 7
1559117661.846664, 8
1559117661.874297, 7
1559117661.899167, 9
1559117661.927385, 8
1559117661.950631, 9
1559117661.975077, 8
1559117662.001192, 8
1559117662.035801, 7
1559117662.059467, 7
1559117662.084816, 2
1559117662.111574, 2
1559117662.136484, 3
1559117662.160842, 4
1559117662.185817, 3
1559117662.211710, 4
1559117662.235119, 5
1559117662.260275, 4
1559117662.282246, 6
1559117662.309144, 6
1559117662.333002, 6
1559117662.356671, 8
1559117662.379456, 7
1559117662.403052, 8
1559117662.428359, 7
1559117662.453378, 9
1559117662.477442, 8
1559117662.501361, 10
1559117662.526812, 8
1559117662.554908, 8
1559117662.580940, 3
1559117662.609746, 2
1559117662.636077, 5
1559117662.657378, 3
1559117662.683319, 3
1559117662.707870, 3
1559117662.731028, 5
1559117662.757184, 4
1559117662.778912, 5
1559117662.803270, 6
1559117662.826643, 6
1559117662.851894, 7
1559117662.876036, 6
1559117662.901280, 7
1559117662.926954, 7
1559117662.949939, 7
1559117662.975203, 8
1559117663.002051, 9
1559117663.026919, 9
1559117663.049523, 9
1559117663.074984, 10
1559117663.099686, 10
1559117663.124940, 9
1559117663.152229, 8
1559117663.178189, 3
1559117663.206450, 3
1559117663.232126, 3
1559117663.258403, 3
1559117663.283742, 3
1559117663.307035, 6
1559117663.323787, 3
1559117663.340167, 5
1559117663.356196, 5
1559117663.372351, 5
1559117663.388954, 4
1559117663.404608, 5
1559117663.421162, 6
1559117663.437793, 5
1559117663.453620, 7
1559117663.469070, 7
1559117663.484091, 7
1559117663.500432, 7
1559117663.516424, 9
1559117663.536052, 8
1559117663.562425, 8
1559117663.587261, 8
1559117663.612734, 9
1559117663.637153, 8
1559117663.663088, 9
1559117663.690412, 3
1559117663.717970, 3
1559117663.745602, 4
1559117663.771388, 3
1559117663.795246, 4
1559117663.820573, 4
1559117663.845353, 4
1559117663.865928, 4
1559117663.884684, 5
1559117663.903386, 5
1559117663.922900, 7
1559117663.942922, 6
1559117663.963135, 5
1559117663.984374, 6
1559117664.004186, 7
1559117664.025979, 7
1559117664.051489, 7
1559117664.074230, 9
1559117664.098194, 8
1559117664.121773, 9
1559117664.144879, 9
1559117664.170312, 10
1559117664.193627, 9
1559117664.217862, 10
1559117664.242410, 9
1559117664.265839, 9
1559117664.291475, 2
1559117664.315820, 3
1559117664.338027, 3
1559117664.362240, 2
1559117664.386362, 4
1559117664.408876, 3
1559117664.434283, 3
1559117664.459076, 4
1559117664.484507, 5
1559117664.511468, 6
1559117664.533951, 6
1559117664.557030, 6
1559117664.580106, 8
1559117664.607791, 7
1559117664.629437, 8
1559117664.652536, 8
1559117664.677983, 9
1559117664.700341, 8
1559117664.724667, 9
1559117664.747138, 9
1559117664.770665, 9
1559117664.797872, 10
1559117664.825601, 9
1559117664.850540, 9
1559117664.876679, 4
1559117664.902952, 4
1559117664.933602, 3
1559117664.960475, 3
1559117664.988004, 5
1559117665.017311, 3
1559117665.039280, 4
1559117665.054767, 5
1559117665.077406, 5
1559117665.100733, 6
1559117665.123015, 7
1559117665.148177, 6
1559117665.172084, 7
1559117665.196716, 7
1559117665.221585, 8
1559117665.247144, 9
1559117665.273396, 8
1559117665.296780, 7
1559117665.320509, 9
1559117665.344993, 8
1559117665.372886, 8
1559117665.396494, 3
1559117665.423675, 4
1559117665.449399, 3
1559117665.477253, 4
1559117665.504435, 4
1559117665.530270, 3
1559117665.560719, 3
1559117665.584804, 5
1559117665.610284, 6
1559117665.633415, 6
1559117665.655762, 6
1559117665.680453, 6
1559117665.711978, 7
1559117665.736892, 7
1559117665.760209, 8
1559117665.783188, 8
1559117665.810779, 8
1559117665.837032, 9
1559117665.862250, 7
1559117665.886768, 8
1559117665.911935, 6
1559117665.939901, 2
1559117665.966171, 3
1559117665.995078, 4
1559117666.022337, 4
1559117666.050239, 5
1559117666.075698, 4
1559117666.101089, 4
1559117666.125484, 4
1559117666.151231, 5
1559117666.176558, 6
1559117666.196508, 7
1559117666.216023, 6
1559117666.234575, 8
1559117666.253861, 8
1559117666.272667, 7
1559117666.291903, 8
1559117666.312218, 7
1559117666.334691, 8
1559117666.360610, 8
1559117666.382137, 9
1559117666.404630, 9
1559117666.426045, 10
1559117666.446950, 9
1559117666.469560, 10
1559117666.491848, 9
1559117666.514939, 3
1559117666.540398, 2
1559117666.565308, 3
1559117666.589840, 3
1559117666.614004, 3
1559117666.637132, 4
1559117666.658677, 4
1559117666.686748, 5
1559117666.709743, 5
1559117666.734136, 5
1559117666.756269, 7
1559117666.777656, 6
1559117666.802791, 6
1559117666.827692, 7
1559117666.851048, 8
1559117666.877031, 8
1559117666.903064, 8
1559117666.928932, 8
1559117666.953381, 9
1559117666.977344, 8
1559117667.006566, 3
1559117667.048647, 3
1559117667.072183, 3
1559117667.094889, 3
1559117667.122285, 4
1559117667.148317, 3
1559117667.175723, 4
1559117667.199027, 4
1559117667.225271, 4
1559117667.250993, 6
1559117667.277354, 5
1559117667.303603, 6
1559117667.327706, 6
1559117667.351195, 8
1559117667.377534, 7
1559117667.405969, 8
1559117667.430439, 7
1559117667.457074, 9
1559117667.480694, 9
1559117667.502478, 9
1559117667.525927, 9
1559117667.551343, 9
1559117667.576330, 8
1559117667.600989, 9
1559117667.625963, 7
1559117667.649338, 4
1559117667.674602, 4
1559117667.697734, 2
1559117667.719958, 2
1559117667.743271, 4
1559117667.766480, 1
1559117667.790911, 2
1559117667.813379, 2
1559117667.838109, 4
1559117667.861040, 3
1559117667.886612, 4
1559117667.912244, 4
1559117667.938437, 4
1559117667.962378, 4
1559117667.988106, 4
1559117668.015689, 4
1559117668.039736, 5
1559117668.062677, 5
1559117668.087999, 5
1559117668.116070, 6
1559117668.144641, 5
1559117668.171957, 6
1559117668.197900, 7
1559117668.226149, 7
1559117668.251433, 8
1559117668.279123, 7
1559117668.306562, 8
1559117668.335735, 8
1559117668.363225, 9
1559117668.388211, 8
1559117668.419353, 9
1559117668.451350, 4
1559117668.468582, 2
1559117668.486233, 3
1559117668.503856, 3
1559117668.520391, 2
1559117668.537699, 2
1559117668.553896, 3
1559117668.569825, 4
1559117668.584852, 3
1559117668.609657, 4
1559117668.631792, 5
1559117668.656711, 6
1559117668.681551, 5
1559117668.704996, 6
1559117668.728476, 6
1559117668.753289, 7
1559117668.776459, 6
1559117668.802880, 7
1559117668.825222, 9
1559117668.847000, 8
1559117668.874864, 9
1559117668.897576, 7
1559117668.920633, 9
1559117668.942842, 2
1559117668.969772, 2
1559117668.998133, 3
1559117669.040686, 3
1559117669.066018, 4
1559117669.092410, 4
1559117669.116716, 5
1559117669.139454, 4
1559117669.160945, 6
1559117669.185771, 4
1559117669.212045, 5
1559117669.235073, 5
1559117669.259584, 7
1559117669.282697, 7
1559117669.312611, 7
1559117669.336769, 8
1559117669.363740, 9
1559117669.386655, 9
1559117669.412003, 8
1559117669.437609, 9
1559117669.460518, 9
1559117669.483973, 9
1559117669.510497, 8
1559117669.537637, 4
1559117669.561908, 3
1559117669.588785, 2
1559117669.617194, 7
1559117669.641606, 3
1559117669.665703, 4
1559117669.692607, 4
1559117669.717028, 4
1559117669.743851, 5
1559117669.766453, 6
1559117669.789661, 6
1559117669.814308, 6
1559117669.838384, 7
1559117669.863416, 8
1559117669.886126, 8
1559117669.907906, 7
1559117669.934086, 8
1559117669.960659, 9
1559117669.988773, 8
1559117670.020460, 8
1559117670.051069, 6
1559117670.078387, 2
1559117670.102189, 2
1559117670.126210, 2
1559117670.152055, 2
1559117670.175353, 5
1559117670.200164, 3
1559117670.222766, 4
1559117670.245206, 5
1559117670.269289, 6
